3 0.622266 0.595833 0.0132813 0.0611111
1 0.396875 0.527778 0.0078125 0.0277778
2 0.539062 0.334722 0.0109375 0.0194444
5 0.527734 0.529861 0.0742188 0.0680556
1 0.478125 0.518056 0.0078125 0.0222222
2 0.516406 0.336806 0.009375 0.0180556
0 0.528125 0.529861 0.071875 0.0652778
1 0.441797 0.453472 0.0101562 0.0319444
1 0.517578 0.370833 0.0148437 0.05
7 0.457812 0.573611 0.0125 0.0305556
1 0.540625 0.36875 0.0125 0.0486111
7 0.441797 0.576389 0.0273438 0.0361111
0 0.219531 0.529167 0.357812 0.452778
7 0.482031 0.613194 0.034375 0.106944
7 0.542188 0.644444 0.132812 0.186111
0 0.805078 0.538194 0.389844 0.8375
