7 0.466016 0.634722 0.00859375 0.0138889
7 0.459766 0.635417 0.0101562 0.0152778
7 0.451562 0.6375 0.0109375 0.0194444
7 0.435547 0.640278 0.0164062 0.0333333
7 0.355859 0.632639 0.0882813 0.134722
7 0.442187 0.639583 0.0140625 0.0291667
7 0.446875 0.639583 0.0125 0.0236111
7 0.509766 0.638889 0.0132813 0.0333333
2 0.521094 0.592361 0.009375 0.0180556
7 0.516406 0.640278 0.0171875 0.0361111
7 0.420312 0.65 0.0171875 0.0361111
7 0.544922 0.648611 0.0195312 0.0527778
7 0.427734 0.640972 0.0226563 0.0402778
2 0.0707031 0.435417 0.0320312 0.0680556
5 0.355859 0.63125 0.0867188 0.1375
2 0.742188 0.452083 0.0234375 0.0263889
7 0.537891 0.638889 0.0335938 0.0583333
7 0.492188 0.640972 0.0265625 0.0347222
7 0.404687 0.648611 0.0234375 0.0611111
3 0.0234375 0.6875 0.046875 0.197222
7 0.300781 0.685417 0.0625 0.101389
7 0.326172 0.66875 0.0726563 0.0958333
7 0.651563 0.665278 0.0828125 0.122222
5 0.605469 0.6 0.109375 0.2
7 0.722656 0.680556 0.129688 0.172222
7 0.223438 0.7125 0.164062 0.163889
7 0.86875 0.710417 0.2625 0.295833
