2 0.725 0.388194 0.0234375 0.0236111
1 0.542578 0.514583 0.00703125 0.0152778
1 0.592188 0.505556 0.00625 0.0138889
7 0.545313 0.549306 0.0109375 0.0152778
2 0.720312 0.397917 0.015625 0.0180556
7 0.594922 0.545833 0.0117188 0.025
7 0.603906 0.547222 0.015625 0.0444444
2 0.727344 0.379167 0.0234375 0.0166667
7 0.628516 0.566667 0.0242187 0.0611111
7 0.533594 0.547917 0.0171875 0.0236111
2 0.715234 0.428472 0.0335938 0.0208333
7 0.621875 0.552778 0.040625 0.0666667
7 0.408203 0.570139 0.0273438 0.0569444
2 0.759375 0.364583 0.025 0.0541667
7 0.372656 0.575694 0.0578125 0.0847222
7 0.659766 0.578472 0.0710938 0.0875
7 0.309375 0.593056 0.0890625 0.1
7 0.476172 0.572222 0.116406 0.161111
7 0.880859 0.717361 0.238281 0.5125
7 0.157422 0.609028 0.228906 0.179167
