7 0.400391 0.383333 0.0117188 0.0166667
7 0.396094 0.384722 0.0140625 0.0166667
7 0.391016 0.386806 0.0101562 0.0180556
7 0.382422 0.389583 0.0148437 0.0291667
7 0.446875 0.39375 0.0234375 0.0402778
7 0.434375 0.392361 0.0125 0.0263889
7 0.41875 0.384028 0.01875 0.0291667
7 0.346875 0.400694 0.0234375 0.0625
7 0.369141 0.390972 0.0210938 0.0402778
7 0.358203 0.4 0.0195312 0.05
7 0.453516 0.400694 0.0226563 0.0402778
7 0.475 0.402778 0.0359375 0.0583333
7 0.49375 0.413889 0.0453125 0.0638889
7 0.314453 0.407639 0.0695312 0.0875
7 0.835547 0.563194 0.324219 0.415278
7 0.171484 0.439583 0.200781 0.176389
7 0.630078 0.441667 0.155469 0.188889
