2 0.313281 0.352083 0.0140625 0.0208333
2 0.312109 0.330556 0.0132813 0.0222222
3 0.933203 0.489583 0.102344 0.404167
7 0.194531 0.386806 0.0140625 0.0263889
7 0.153516 0.383333 0.0148437 0.0194444
2 0.311328 0.313194 0.0148437 0.0291667
3 0.127344 0.411111 0.0125 0.0555556
3 0.183203 0.396528 0.0117188 0.0430556
7 0.247656 0.409722 0.0203125 0.0472222
4 0.03125 0.475 0.0546875 0.119444
7 0.275391 0.4125 0.0476562 0.0638889
7 0.239844 0.409722 0.0203125 0.0416667
2 0.536328 0.275 0.0195312 0.0333333
7 0.206641 0.397917 0.0195312 0.0319444
7 0.233203 0.389583 0.0351562 0.0708333
3 0.10625 0.427083 0.0234375 0.106944
7 0.152734 0.404167 0.0195312 0.0305556
3 0.428516 0.408333 0.0179687 0.0861111
2 0.515234 0.274306 0.0226563 0.0513889
