3 0.102344 0.530556 0.0140625 0.0638889
7 0.619141 0.550694 0.0101562 0.0652778
3 0.0792969 0.535417 0.0210938 0.0652778
3 0.114844 0.5375 0.0125 0.0638889
3 0.0925781 0.529861 0.0210938 0.0736111
1 0.694531 0.411806 0.0078125 0.0319444
1 0.785937 0.288194 0.009375 0.0458333
3 0.946875 0.547222 0.0203125 0.141667
7 0.0320312 0.590278 0.0640625 0.272222
3 0.00898437 0.517361 0.0148437 0.0375
1 0.776563 0.286111 0.0125 0.05
3 0.021875 0.527083 0.0171875 0.0569444
1 0.762891 0.288194 0.0132813 0.0513889
1 0.201562 0.365278 0.0109375 0.0388889
3 0.634766 0.540278 0.0132813 0.0583333
1 0.214453 0.364583 0.0117188 0.0402778
3 0.958984 0.552083 0.0304688 0.154167
3 0.212109 0.547917 0.0148437 0.0708333
3 0.922266 0.544444 0.0351562 0.147222
3 0.198828 0.546528 0.0164062 0.0680556
3 0.0484375 0.525694 0.0328125 0.0930556
3 0.889453 0.534028 0.0289063 0.1375
2 0.844141 0.260417 0.0257812 0.0541667
3 0.983594 0.547222 0.0296875 0.169444
7 0.360156 0.545833 0.040625 0.0833333
7 0.281641 0.534722 0.125781 0.202778
7 0.755078 0.567361 0.203906 0.231944
7 0.496094 0.527083 0.248437 0.340278
