3 0.417969 0.618056 0.0265625 0.105556
2 0.463672 0.538194 0.0132813 0.0263889
3 0.407813 0.559722 0.015625 0.0416667
3 0.395312 0.567361 0.0125 0.0486111
2 0.297656 0.455556 0.0234375 0.0527778
6 0.615234 0.692361 0.0851562 0.190278
7 0.117578 0.565278 0.0210938 0.0222222
7 0.0945313 0.565972 0.01875 0.0263889
3 0.403906 0.615972 0.021875 0.0958333
3 0.436328 0.620833 0.0289063 0.116667
4 0.482422 0.652778 0.0617188 0.108333
4 0.536328 0.665972 0.0789063 0.154167
4 0.614453 0.690972 0.0867188 0.184722
