7 0.598047 0.522222 0.0101562 0.0166667
7 0.616016 0.525694 0.0148437 0.0263889
7 0.617969 0.5625 0.0140625 0.0277778
7 0.589453 0.525694 0.0117188 0.0180556
2 0.963281 0.524306 0.021875 0.0569444
2 0.813281 0.545139 0.025 0.0291667
7 0.633984 0.571528 0.0289063 0.0458333
7 0.653516 0.584722 0.0382813 0.0555556
2 0.860937 0.503472 0.0359375 0.0458333
2 0.435156 0.459722 0.0265625 0.0694444
2 0.765234 0.507639 0.0382813 0.0652778
7 0.770312 0.601389 0.0515625 0.0666667
7 0.528906 0.679861 0.232812 0.3375
7 0.820703 0.611806 0.0851562 0.104167
7 0.70625 0.609722 0.084375 0.111111
