7 0.412109 0.470833 0.0148437 0.025
7 0.327344 0.471528 0.0234375 0.0402778
7 0.289453 0.480556 0.0242187 0.0416667
7 0.396875 0.470139 0.01875 0.0263889
7 0.361328 0.471528 0.0179687 0.0291667
7 0.273438 0.48125 0.025 0.0541667
7 0.378906 0.470139 0.021875 0.0291667
7 0.344922 0.470139 0.0242187 0.0375
7 0.310156 0.475694 0.03125 0.0402778
7 0.436719 0.490278 0.0328125 0.0611111
7 0.25 0.485417 0.040625 0.0652778
7 0.220313 0.492361 0.05 0.0763889
7 0.466016 0.50625 0.0601562 0.0958333
7 0.511328 0.522222 0.0742188 0.119444
7 0.181641 0.50625 0.0632813 0.0819444
7 0.13125 0.523611 0.071875 0.111111
7 0.0546875 0.532639 0.109375 0.201389
7 0.592188 0.558333 0.1625 0.186111
7 0.822656 0.686806 0.354688 0.465278
