0 0.387891 0.39375 0.0210938 0.0430556
7 0.202344 0.395139 0.0140625 0.0208333
1 0.0140625 0.295139 0.009375 0.0319444
7 0.196875 0.396528 0.015625 0.0208333
5 0.222656 0.388889 0.028125 0.0388889
2 0.406641 0.378472 0.00859375 0.0152778
7 0.398047 0.409722 0.0117188 0.0277778
2 0.00742187 0.233333 0.0148437 0.0194444
2 0.857031 0.00694444 0.0234375 0.0138889
7 0.404297 0.411111 0.0148437 0.0333333
2 0.204688 0.308333 0.0140625 0.0333333
1 0.0382813 0.295139 0.0171875 0.0319444
7 0.142578 0.397222 0.0117188 0.0361111
1 0.551953 0.336111 0.0164062 0.0277778
7 0.180859 0.396528 0.0226563 0.0263889
5 0.0957031 0.381944 0.0695312 0.0916667
7 0.980859 0.521528 0.0382813 0.181944
1 0.0121094 0.164583 0.0132813 0.0541667
7 0.615625 0.413194 0.0625 0.0541667
7 0.415234 0.415972 0.0210938 0.0513889
2 0.536328 0.296528 0.0304688 0.0208333
1 0.386719 0.135417 0.01875 0.0708333
1 0.889844 0.240278 0.0453125 0.0777778
1 0.364453 0.132639 0.0148437 0.0708333
2 0.870313 0.0486111 0.046875 0.0416667
7 0.553125 0.426389 0.05625 0.0472222
3 0.631641 0.44375 0.0242187 0.1125
7 0.435937 0.425 0.0421875 0.0638889
2 0.821875 0.141667 0.071875 0.05
7 0.0417969 0.422222 0.0835937 0.144444
7 0.859375 0.455556 0.182812 0.111111
