2 0.427344 0.442361 0.0109375 0.0208333
7 0.335938 0.508333 0.0109375 0.0194444
2 0.678516 0.0840278 0.0320312 0.0736111
1 0.429297 0.384028 0.0148437 0.0430556
6 0.0398437 0.577778 0.0796875 0.244444
1 0.65625 0.366667 0.0140625 0.0444444
2 0.45625 0.354167 0.0375 0.0194444
1 0.449609 0.386111 0.0195312 0.0333333
8 0.0398437 0.493056 0.0796875 0.336111
2 0.678125 0.132639 0.0453125 0.0791667
1 0.691797 0.265278 0.0226563 0.075
1 0.44375 0.289583 0.015625 0.0791667
2 0.405469 0.380556 0.0265625 0.0611111
1 0.643359 0.246528 0.0367187 0.101389
1 0.0925781 0.0256944 0.0320312 0.0513889
7 0.933594 0.541667 0.132812 0.205556
2 0.322266 0.138889 0.0804688 0.0416667
1 0.263281 0.0486111 0.0296875 0.0972222
3 0.654297 0.523611 0.0507812 0.161111
