1 0.710547 0.316667 0.00859375 0.0305556
7 0.207422 0.367361 0.0335938 0.0319444
7 0.472266 0.374306 0.0132813 0.0236111
1 0.751562 0.2875 0.0078125 0.0305556
3 0.676172 0.360417 0.0132813 0.0375
3 0.995313 0.377778 0.009375 0.0972222
1 0.444922 0.263889 0.00859375 0.0277778
3 0.760547 0.3625 0.0148437 0.0638889
1 0.546094 0.258333 0.009375 0.0277778
7 0.147656 0.377083 0.071875 0.0597222
7 0.0542969 0.39375 0.107031 0.0597222
7 0.427734 0.384028 0.0507812 0.0763889
7 0.505859 0.404167 0.0742188 0.1
7 0.341406 0.4125 0.148438 0.194444
