7 0.433984 0.434028 0.0101562 0.0180556
7 0.368359 0.454861 0.0289063 0.0597222
7 0.379297 0.448611 0.0164062 0.0444444
7 0.239453 0.466667 0.0289063 0.0666667
7 0.452344 0.434722 0.0109375 0.0222222
7 0.202734 0.454167 0.0554687 0.0333333
7 0.475781 0.4375 0.0140625 0.025
1 0.971484 0.0833333 0.0273438 0.0777778
3 0.369922 0.465972 0.0210938 0.0791667
7 0.486719 0.449306 0.0234375 0.0402778
7 0.444531 0.438889 0.0171875 0.025
1 0.615234 0.345833 0.0257812 0.0333333
2 0.620703 0.240278 0.0351562 0.0194444
2 0.597266 0.300694 0.0335938 0.0208333
1 0.419141 0.152083 0.0148437 0.0736111
1 0.437891 0.154861 0.0179687 0.0708333
2 0.80625 0.309722 0.01875 0.0638889
7 0.273828 0.477778 0.0851562 0.102778
7 0.402344 0.461111 0.04375 0.0694444
7 0.332422 0.464583 0.0539063 0.0763889
7 0.510547 0.471528 0.0539063 0.0708333
7 0.176563 0.495833 0.107813 0.0944444
7 0.724609 0.488889 0.346094 0.233333
