7 0.157031 0.490972 0.0390625 0.0291667
3 0.902344 0.547917 0.0140625 0.0263889
7 0.633984 0.524306 0.0195312 0.0236111
2 0.583984 0.522222 0.0148437 0.0305556
3 0.916797 0.546528 0.0148437 0.0236111
7 0.322656 0.509028 0.0296875 0.0458333
1 0.598437 0.4625 0.0125 0.0277778
2 0.879687 0.267361 0.0390625 0.0319444
2 0.873047 0.227083 0.0320312 0.0402778
3 0.644141 0.545139 0.0132813 0.0680556
3 0.657422 0.546528 0.0132813 0.0652778
1 0.895703 0.366667 0.0429688 0.0694444
1 0.658203 0.109028 0.0507812 0.0430556
2 0.866406 0.300694 0.0390625 0.0430556
1 0.433594 0.0722222 0.0640625 0.0444444
2 0.352344 0.0354167 0.046875 0.0708333
7 0.123828 0.518056 0.108594 0.0777778
7 0.803516 0.588194 0.0789063 0.0847222
7 0.289062 0.519444 0.06875 0.0638889
7 0.359375 0.515972 0.0578125 0.0597222
7 0.216016 0.515972 0.0820312 0.0763889
7 0.938281 0.595833 0.120312 0.0833333
7 0.537109 0.600694 0.163281 0.168056
