1 0.516016 0.500694 0.00703125 0.0180556
7 0.377734 0.545833 0.0148437 0.0388889
7 0.482812 0.538889 0.0125 0.0166667
7 0.49375 0.536806 0.0140625 0.0236111
7 0.634766 0.557639 0.0226563 0.0625
7 0.969531 0.65 0.0609375 0.327778
7 0.398047 0.540972 0.0179687 0.0319444
7 0.526953 0.544444 0.0226563 0.0361111
7 0.384766 0.543056 0.0210938 0.0388889
7 0.0355469 0.619444 0.0710938 0.338889
7 0.459766 0.534722 0.0179687 0.0277778
7 0.362109 0.540972 0.0320312 0.0652778
7 0.433203 0.5375 0.0210938 0.0305556
7 0.341016 0.547917 0.0414063 0.0652778
7 0.322656 0.555556 0.0484375 0.0694444
7 0.283984 0.561111 0.0617188 0.0972222
7 0.219531 0.565972 0.1125 0.145833
7 0.868359 0.624306 0.217969 0.201389
7 0.730859 0.590972 0.125781 0.131944
7 0.585156 0.585417 0.120312 0.151389
7 0.112891 0.597222 0.189844 0.188889
