3 0.768359 0.439583 0.0179687 0.0513889
2 0.741016 0.232639 0.0101562 0.0208333
1 0.476953 0.363889 0.00703125 0.0194444
3 0.85625 0.425694 0.01875 0.0430556
7 0.492969 0.449306 0.025 0.0597222
3 0.839844 0.425694 0.01875 0.0458333
3 0.873438 0.423611 0.01875 0.0472222
1 0.775781 0.346528 0.025 0.0402778
8 0.816406 0.492361 0.0546875 0.1875
2 0.767969 0.245139 0.03125 0.0236111
3 0.889063 0.502778 0.0328125 0.183333
1 0.4375 0.0354167 0.0234375 0.0708333
1 0.753516 0.168056 0.0179687 0.0694444
1 0.409766 0.0340278 0.0164062 0.0680556
2 0.75 0.292361 0.04375 0.0291667
3 0.913281 0.486111 0.028125 0.144444
4 0.819922 0.534028 0.119531 0.1375
7 0.45 0.459028 0.075 0.131944
7 0.621094 0.551389 0.284375 0.455556
0 0.172266 0.411111 0.344531 0.797222
