2 0.557031 0.381944 0.009375 0.0194444
2 0.103906 0.397222 0.0109375 0.0222222
3 0.134766 0.478472 0.00859375 0.0458333
3 0.670703 0.477083 0.0148437 0.0319444
3 0.644922 0.493056 0.0132813 0.0638889
2 0.938281 0.235417 0.025 0.0402778
1 0.075 0.435417 0.0125 0.0180556
1 0.959375 0.394444 0.01875 0.0444444
7 0.455078 0.479861 0.0570313 0.0875
2 0.460547 0.410417 0.0101562 0.0263889
3 0.502734 0.493056 0.0101562 0.0388889
3 0.524609 0.494444 0.0117188 0.05
3 0.129297 0.479167 0.0101562 0.0472222
3 0.121484 0.479167 0.0101562 0.0444444
1 0.982031 0.391667 0.0296875 0.0472222
2 0.924609 0.274306 0.0257812 0.0291667
3 0.629297 0.496528 0.0132813 0.0680556
1 0.644922 0.0569444 0.0289063 0.113889
1 0.607813 0.0631944 0.0359375 0.123611
3 0.00820312 0.489583 0.0148437 0.0652778
1 0.677734 0.0548611 0.0335938 0.109722
2 0.84375 0.157639 0.148438 0.0486111
2 0.739453 0.09375 0.0664062 0.126389
7 0.410547 0.500694 0.0570313 0.0819444
0 0.260156 0.44375 0.25 0.440278
7 0.812891 0.631944 0.372656 0.327778
