7 0.466797 0.340972 0.0195312 0.0208333
1 0.498437 0.300694 0.00625 0.0152778
1 0.378125 0.322222 0.009375 0.0166667
2 0.533594 0.338194 0.009375 0.0152778
1 0.546875 0.288194 0.0078125 0.0236111
1 0.541797 0.2875 0.00703125 0.0222222
2 0.402734 0.3 0.00859375 0.0277778
7 0.487109 0.351389 0.0398437 0.0277778
7 0.416406 0.356944 0.0515625 0.05
7 0.448828 0.359028 0.0445312 0.0402778
2 0.115625 0.120139 0.034375 0.0486111
2 0.627344 0.292361 0.021875 0.0402778
7 0.434375 0.41875 0.078125 0.109722
7 0.497266 0.404861 0.0460938 0.0902778
7 0.125781 0.686806 0.251563 0.626389
7 0.35625 0.427778 0.110937 0.188889
7 0.622656 0.600694 0.335938 0.473611
7 0.257031 0.477778 0.226562 0.288889
5 0.882812 0.445139 0.232812 0.829167
