7 0.457422 0.368056 0.0101562 0.0222222
3 0.309375 0.361111 0.009375 0.0305556
3 0.303125 0.359028 0.009375 0.0319444
2 0.841406 0.217361 0.0109375 0.0180556
1 0.435547 0.303472 0.00703125 0.0208333
7 0.482812 0.368056 0.0109375 0.0166667
3 0.34375 0.365972 0.0109375 0.0402778
1 0.866406 0.326389 0.025 0.0333333
2 0.677734 0.314583 0.0132813 0.0597222
7 0.396875 0.361806 0.0375 0.0625
2 0.413672 0.304167 0.0179687 0.0111111
3 0.278516 0.3625 0.0117188 0.0472222
2 0.863281 0.231944 0.0234375 0.0194444
1 0.379297 0.0847222 0.0148437 0.0638889
2 0.178906 0.267361 0.0171875 0.0236111
1 0.365625 0.0763889 0.015625 0.0666667
1 0.158203 0.263889 0.0195312 0.0333333
3 0.634375 0.388194 0.0109375 0.0458333
2 0.183984 0.225 0.0226563 0.0305556
7 0.467578 0.372917 0.0179687 0.0291667
2 0.847266 0.280556 0.0320312 0.0194444
2 0.853906 0.147917 0.028125 0.0763889
1 0.635156 0.134028 0.0109375 0.0513889
3 0.701953 0.39375 0.0132813 0.0541667
5 0.556641 0.350694 0.138281 0.254167
2 0.764063 0.177083 0.0359375 0.0430556
7 0.436719 0.389583 0.0453125 0.0652778
7 0.195703 0.356944 0.0914062 0.0555556
