5 0.527734 0.461806 0.0320312 0.0486111
7 0.414453 0.48125 0.0132813 0.0125
7 0.286719 0.483333 0.0125 0.0166667
7 0.440625 0.480556 0.009375 0.0138889
7 0.391797 0.481944 0.0117188 0.0138889
7 0.357422 0.483333 0.0101562 0.0138889
7 0.367188 0.482639 0.0109375 0.0152778
7 0.292188 0.489583 0.015625 0.0152778
7 0.378125 0.482639 0.0109375 0.0152778
7 0.324219 0.4875 0.0140625 0.0138889
2 0.480859 0.377083 0.0429688 0.0513889
7 0.337891 0.482639 0.0117188 0.0180556
7 0.266797 0.490278 0.0195312 0.0222222
7 0.312109 0.484028 0.0117188 0.0152778
7 0.454688 0.4875 0.021875 0.0305556
7 0.498047 0.480556 0.0179687 0.0277778
2 0.527734 0.376389 0.0523437 0.0527778
7 0.479297 0.488889 0.0289063 0.0388889
2 0.617969 0.450694 0.0421875 0.0486111
2 0.438672 0.379861 0.0398437 0.0541667
7 0.525391 0.497222 0.0398437 0.0555556
7 0.214062 0.533333 0.151562 0.127778
