3 0.635938 0.516667 0.0125 0.0555556
3 0.460547 0.495833 0.0101562 0.0333333
3 0.564453 0.501389 0.0101562 0.0444444
3 0.605469 0.505556 0.0109375 0.0444444
3 0.653906 0.531944 0.015625 0.0777778
2 0.698828 0.457639 0.0164062 0.0291667
3 0.488672 0.497917 0.00859375 0.0291667
3 0.628125 0.509722 0.0109375 0.0555556
3 0.580469 0.498611 0.0109375 0.0416667
3 0.665234 0.545139 0.0210938 0.0819444
3 0.614844 0.513194 0.0109375 0.0541667
3 0.710156 0.541667 0.01875 0.0888889
1 0.201562 0.309028 0.0109375 0.0458333
3 0.75 0.540972 0.0171875 0.0763889
2 0.35 0.434028 0.0140625 0.0291667
3 0.740625 0.542361 0.0125 0.0763889
3 0.691016 0.538889 0.0195312 0.0833333
3 0.773438 0.546528 0.01875 0.0847222
2 0.630469 0.311806 0.059375 0.0236111
2 0.191797 0.395139 0.0195312 0.0347222
7 0.423047 0.488194 0.0117188 0.0208333
1 0.566016 0.282639 0.0117188 0.0486111
1 0.706641 0.341667 0.0132813 0.0555556
7 0.445703 0.493056 0.0226563 0.0305556
1 0.553906 0.284028 0.0109375 0.0458333
3 0.794141 0.548611 0.0195312 0.0805556
3 0.727344 0.546528 0.0171875 0.0819444
3 0.246875 0.522222 0.0390625 0.119444
7 0.404297 0.497222 0.0210938 0.0333333
7 0.369141 0.5 0.0507812 0.0861111
7 0.113281 0.564583 0.226562 0.273611
