7 0.607031 0.49375 0.0359375 0.0375
1 0.523828 0.431944 0.00703125 0.0194444
2 0.548047 0.447917 0.00859375 0.0208333
1 0.495313 0.428472 0.00625 0.0180556
3 0.851562 0.486111 0.0109375 0.0194444
1 0.604688 0.368056 0.0078125 0.0305556
1 0.598828 0.368056 0.00703125 0.0277778
1 0.685938 0.447917 0.0140625 0.0180556
2 0.773047 0.368056 0.0101562 0.0138889
3 0.774609 0.511111 0.0148437 0.0638889
1 0.204688 0.418056 0.015625 0.025
2 0.303125 0.382639 0.0171875 0.0125
1 0.789844 0.43125 0.01875 0.0263889
1 0.509766 0.354861 0.00703125 0.0263889
2 0.676953 0.429861 0.0164062 0.0125
2 0.685547 0.407639 0.0164062 0.0152778
2 0.773438 0.397917 0.009375 0.0458333
8 0.260156 0.493056 0.0203125 0.0777778
3 0.792188 0.497222 0.0140625 0.0388889
2 0.938672 0.358333 0.0226563 0.116667
1 0.771875 0.342361 0.009375 0.0347222
4 0.258203 0.516667 0.0195312 0.0638889
7 0.597656 0.494444 0.015625 0.0333333
7 0.575391 0.484028 0.0242187 0.0375
2 0.675781 0.369444 0.015625 0.0333333
7 0.617578 0.493056 0.0335938 0.05
2 0.169531 0.315972 0.025 0.0625
7 0.1125 0.515278 0.225 0.666667
7 0.821875 0.534722 0.1 0.0972222
7 0.54375 0.515278 0.0671875 0.0972222
7 0.335938 0.498611 0.128125 0.186111
7 0.921094 0.538889 0.157813 0.166667
7 0.686328 0.554861 0.167969 0.1875
7 0.449219 0.509722 0.196875 0.205556
