7 0.571094 0.467361 0.009375 0.0208333
7 0.587891 0.470139 0.0148437 0.0402778
7 0.582422 0.465972 0.0179687 0.0375
1 0.350391 0.363889 0.0242187 0.05
2 0.596484 0.424306 0.0101562 0.0208333
7 0.605469 0.479167 0.0375 0.0611111
2 0.991406 0.195139 0.0171875 0.0319444
1 0.991016 0.322222 0.0164062 0.05
2 0.9875 0.154861 0.021875 0.0347222
2 0.988672 0.0659722 0.0210938 0.0930556
2 0.990234 0.227083 0.0195312 0.0319444
1 0.369141 0.132639 0.0179687 0.0819444
2 0.343359 0.175694 0.0320312 0.0569444
7 0.628125 0.495139 0.059375 0.0763889
