7 0.385156 0.495833 0.0140625 0.0166667
7 0.242578 0.497917 0.0351562 0.0291667
7 0.371094 0.495833 0.0125 0.0194444
1 0.419922 0.392361 0.0117188 0.0319444
7 0.230859 0.497917 0.0273438 0.0319444
2 0.412891 0.519444 0.0101562 0.0222222
7 0.329688 0.499306 0.015625 0.0291667
2 0.996484 0.346528 0.00703125 0.0263889
7 0.478125 0.492361 0.0140625 0.0263889
7 0.467187 0.490972 0.0125 0.0236111
7 0.45625 0.49375 0.0109375 0.0208333
7 0.595703 0.491667 0.0257812 0.0305556
7 0.440234 0.495833 0.0101562 0.0166667
1 0.980859 0.403472 0.0195312 0.0375
1 0.994531 0.228472 0.0109375 0.0708333
7 0.359766 0.496528 0.0132813 0.0208333
7 0.345703 0.497222 0.0179687 0.025
1 0.439063 0.391667 0.0140625 0.0305556
7 0.316797 0.502083 0.0242187 0.0319444
1 0.666797 0.193056 0.0117188 0.0583333
2 0.979297 0.3125 0.0273438 0.025
1 0.679297 0.195139 0.0164062 0.0791667
2 0.408594 0.407639 0.0234375 0.0402778
2 0.411328 0.471528 0.0226563 0.0541667
7 0.285937 0.504167 0.034375 0.0444444
1 0.429297 0.326389 0.0148437 0.0833333
2 0.776563 0.194444 0.090625 0.0333333
7 0.613281 0.508333 0.0453125 0.0472222
7 0.497656 0.497917 0.0359375 0.0486111
7 0.555859 0.515972 0.0757812 0.0930556
7 0.706641 0.518056 0.114844 0.127778
