2 0.450391 0.419444 0.0132813 0.0111111
7 0.141797 0.475694 0.0992187 0.215278
2 0.394922 0.466667 0.00859375 0.0194444
2 0.0746094 0.370139 0.0148437 0.0152778
3 0.505469 0.514583 0.0125 0.0319444
7 0.403125 0.513194 0.021875 0.0375
2 0.0785156 0.402083 0.0164062 0.0125
5 0.14375 0.467361 0.117188 0.2125
0 0.144141 0.469444 0.117969 0.211111
1 0.450781 0.440278 0.0078125 0.025
1 0.372266 0.415278 0.00703125 0.025
7 0.0558594 0.6375 0.111719 0.725
1 0.554297 0.369444 0.00859375 0.0333333
7 0.436719 0.525 0.0390625 0.0555556
2 0.551562 0.328472 0.01875 0.0347222
7 0.134375 0.526389 0.0671875 0.175
7 0.090625 0.574306 0.1 0.279167
5 0.775781 0.413889 0.448438 0.819444
7 0.301562 0.602083 0.23125 0.359722
