2 0.260156 0.46875 0.0109375 0.0319444
1 0.201562 0.457639 0.0171875 0.0236111
1 0.651172 0.476389 0.0132813 0.0333333
1 0.562891 0.492361 0.0101562 0.0236111
1 0.560547 0.455556 0.00859375 0.0333333
2 0.0628906 0.333333 0.0164062 0.0277778
3 0.617969 0.565972 0.0140625 0.0708333
2 0.21875 0.351389 0.0234375 0.0277778
2 0.0503906 0.400694 0.0195312 0.0263889
1 0.313672 0.338194 0.0101562 0.0402778
2 0.0636719 0.359722 0.0242187 0.0222222
1 0.446094 0.315972 0.0125 0.0513889
2 0.215234 0.427083 0.0242187 0.0180556
7 0.295703 0.526389 0.0289063 0.0555556
2 0.216406 0.398611 0.0234375 0.0388889
2 0.587891 0.359028 0.0304688 0.0430556
7 0.0761719 0.636806 0.152344 0.368056
7 0.169922 0.569444 0.178906 0.155556
7 0.855469 0.704167 0.289062 0.355556
7 0.407813 0.642361 0.329688 0.356944
7 0.696094 0.627778 0.175 0.2
