2 0.928906 0.29375 0.0203125 0.0513889
3 0.541016 0.481944 0.0164062 0.0277778
2 0.962109 0.231944 0.0351562 0.177778
7 0.619141 0.514583 0.0429688 0.0652778
7 0.93125 0.546528 0.1375 0.148611
3 0.653125 0.5625 0.046875 0.227778
7 0.0878906 0.55 0.114844 0.0944444
7 0.229687 0.521528 0.0625 0.104167
7 0.414062 0.529167 0.04375 0.0638889
7 0.172266 0.53125 0.0601562 0.0652778
7 0.467578 0.546528 0.0945313 0.154167
7 0.0699219 0.619444 0.139844 0.219444
7 0.561328 0.596528 0.158594 0.220833
7 0.777734 0.583333 0.216406 0.25
7 0.295703 0.550694 0.161719 0.184722
