2 0.0378906 0.284722 0.0757812 0.116667
7 0.429297 0.561806 0.0195312 0.0347222
7 0.970312 0.760417 0.059375 0.154167
2 0.280078 0.534722 0.0164062 0.0166667
2 0.352734 0.5 0.0695312 0.025
7 0.274609 0.5625 0.0179687 0.025
7 0.410937 0.577778 0.0265625 0.05
0 0.594141 0.568056 0.0695312 0.0944444
7 0.0847656 0.560417 0.0476562 0.0569444
7 0.0195312 0.549306 0.0390625 0.106944
7 0.623438 0.6 0.0734375 0.0777778
7 0.457031 0.596528 0.06875 0.0930556
0 0.517187 0.559028 0.0921875 0.129167
7 0.351953 0.596528 0.110156 0.1875
7 0.869531 0.645139 0.260938 0.234722
