2 0.100781 0.209722 0.0171875 0.0305556
1 0.733984 0.263194 0.0164062 0.0347222
2 0.034375 0.332639 0.01875 0.0319444
1 0.65 0.2625 0.0328125 0.025
1 0.382422 0.232639 0.0132813 0.0291667
1 0.148828 0.1625 0.0195312 0.0722222
2 0.617578 0.252778 0.0273438 0.0388889
7 0.124609 0.379861 0.0460938 0.0236111
2 0.102344 0.300694 0.025 0.0458333
0 0.904297 0.351389 0.191406 0.316667
7 0.0738281 0.393056 0.0476562 0.0388889
2 0.617188 0.191667 0.0421875 0.075
7 0.791016 0.426389 0.0492188 0.0861111
7 0.356641 0.505556 0.455469 0.533333
7 0.648438 0.460417 0.264062 0.379167
