7 0.596094 0.417361 0.0109375 0.0180556
2 0.615234 0.405556 0.0101562 0.0166667
2 0.979297 0.359028 0.0179687 0.0152778
1 0.109375 0.136111 0.021875 0.0527778
7 0.579687 0.411111 0.009375 0.0166667
7 0.603125 0.438194 0.0140625 0.0319444
7 0.598047 0.434028 0.0117188 0.0263889
1 0.84375 0.384722 0.0109375 0.0222222
7 0.991406 0.461111 0.0171875 0.0694444
7 0.0644531 0.480556 0.0726563 0.075
3 0.799219 0.445833 0.01875 0.0555556
1 0.859766 0.384028 0.0148437 0.0236111
2 0.096875 0.335417 0.0375 0.0236111
1 0.341016 0.293056 0.0164062 0.075
7 0.558203 0.433333 0.0179687 0.0305556
7 0.575 0.436806 0.01875 0.0319444
7 0.624219 0.44375 0.040625 0.0625
2 0.103125 0.386111 0.0328125 0.0527778
7 0.0148437 0.497917 0.0296875 0.1125
7 0.104687 0.495833 0.0671875 0.0916667
7 0.646875 0.454167 0.0546875 0.0611111
7 0.754687 0.616667 0.275 0.316667
