2 0.365625 0.423611 0.0078125 0.0138889
7 0.188281 0.440278 0.0234375 0.0194444
3 0.253516 0.441667 0.00859375 0.025
7 0.34375 0.448611 0.009375 0.0138889
2 0.741406 0.344444 0.0140625 0.0555556
7 0.238672 0.449306 0.0117188 0.0291667
7 0.272656 0.44375 0.015625 0.0208333
7 0.366797 0.444444 0.0195312 0.0305556
2 0.163672 0.380556 0.0195312 0.0305556
7 0.390234 0.464583 0.0226563 0.0569444
7 0.378516 0.453472 0.0226563 0.0375
7 0.221875 0.452778 0.0328125 0.0361111
7 0.328125 0.444444 0.0265625 0.0388889
7 0.417578 0.472222 0.0601562 0.0805556
7 0.109766 0.482639 0.121094 0.118056
