7 0.671484 0.540972 0.0195312 0.0680556
7 0.178125 0.529861 0.0234375 0.0208333
2 0.828516 0.394444 0.0335938 0.0555556
2 0.7125 0.457639 0.0203125 0.0152778
7 0.152344 0.525 0.03125 0.0277778
2 0.63125 0.388889 0.0109375 0.0277778
2 0.38125 0.425694 0.009375 0.0208333
5 0.040625 0.365972 0.08125 0.143056
2 0.250781 0.430556 0.0171875 0.0138889
7 0.798047 0.515278 0.0320312 0.0277778
7 0.712109 0.525694 0.0414063 0.0458333
1 0.404687 0.425 0.0078125 0.0305556
1 0.270312 0.490972 0.0125 0.0208333
1 0.701172 0.476389 0.0164062 0.0222222
2 0.338672 0.48125 0.0164062 0.0125
1 0.610937 0.395833 0.0078125 0.0333333
1 0.396484 0.424306 0.00859375 0.0291667
7 0.197266 0.529861 0.0257812 0.0236111
3 0.75625 0.541667 0.015625 0.0694444
1 0.602734 0.397917 0.00859375 0.0319444
1 0.269531 0.4375 0.009375 0.0361111
3 0.289453 0.555556 0.0132813 0.0694444
2 0.294141 0.475694 0.0195312 0.0513889
2 0.258594 0.4 0.0171875 0.0472222
2 0.260547 0.465972 0.0210938 0.0152778
7 0.753125 0.53125 0.0625 0.0486111
7 0.677734 0.528472 0.0304688 0.0430556
3 0.669531 0.547917 0.015625 0.0652778
3 0.275 0.555556 0.015625 0.0694444
7 0.228906 0.539583 0.0421875 0.0375
2 0.712109 0.427083 0.0179687 0.0430556
5 0.496875 0.64375 0.342187 0.481944
7 0.0886719 0.688194 0.177344 0.623611
7 0.968359 0.5375 0.0632813 0.0833333
7 0.869531 0.622222 0.251563 0.238889
