1 0.405469 0.465972 0.00625 0.0180556
1 0.491406 0.459028 0.00625 0.0180556
1 0.546484 0.466667 0.0101562 0.0277778
7 0.491797 0.522222 0.0179687 0.0277778
2 0.849609 0.296528 0.0195312 0.0402778
1 0.883594 0.388194 0.028125 0.0430556
7 0.503516 0.54375 0.0195312 0.0541667
7 0.362109 0.538889 0.0242187 0.0527778
2 0.852344 0.350694 0.0515625 0.0319444
1 0.866406 0.172222 0.0203125 0.0833333
7 0.40625 0.540972 0.028125 0.0819444
2 0.0273438 0.348611 0.0546875 0.161111
7 0.530078 0.549306 0.0523437 0.0736111
7 0.449609 0.5375 0.0898438 0.161111
7 0.719141 0.533333 0.325781 0.358333
