7 0.305078 0.609028 0.0148437 0.0180556
5 0.353906 0.602083 0.0125 0.0236111
1 0.454688 0.536111 0.0078125 0.0222222
7 0.291016 0.610417 0.0179687 0.0208333
1 0.460547 0.534722 0.00703125 0.0222222
7 0.341406 0.609722 0.0140625 0.0166667
7 0.114453 0.610417 0.0320312 0.0263889
1 0.385156 0.532639 0.00625 0.0208333
1 0.378906 0.531944 0.00625 0.0194444
7 0.499219 0.614583 0.015625 0.0236111
7 0.515234 0.618056 0.0210938 0.0222222
7 0.0441406 0.619444 0.0382813 0.0472222
2 0.742969 0.565972 0.0125 0.0263889
7 0.0832031 0.611111 0.0335938 0.0361111
7 0.0199219 0.619444 0.0398437 0.0444444
7 0.482422 0.614583 0.0164062 0.0208333
7 0.619922 0.624306 0.0242187 0.0347222
7 0.594141 0.621528 0.0257812 0.0319444
2 0.921094 0.507639 0.03125 0.0208333
7 0.643359 0.627083 0.0382813 0.0430556
7 0.374609 0.60625 0.0304688 0.0458333
7 0.874219 0.627778 0.05625 0.05
