7 0.379297 0.504167 0.0148437 0.0277778
7 0.435937 0.495139 0.009375 0.0180556
1 0.515625 0.456944 0.0109375 0.0194444
7 0.642969 0.472917 0.0328125 0.0291667
7 0.216406 0.51875 0.034375 0.0347222
1 0.454688 0.411111 0.009375 0.025
2 0.15 0.406944 0.0140625 0.0277778
1 0.324219 0.470833 0.009375 0.0166667
0 0.413672 0.486806 0.0414063 0.0625
7 0.232812 0.518056 0.0515625 0.0333333
7 0.388281 0.502778 0.015625 0.025
7 0.450781 0.491667 0.015625 0.025
5 0.413672 0.486111 0.0414063 0.0638889
1 0.363281 0.405556 0.0078125 0.0277778
1 0.282031 0.460417 0.0140625 0.0180556
1 0.355859 0.406944 0.00859375 0.0277778
2 0.151562 0.377083 0.0125 0.0263889
7 0.817969 0.514583 0.3625 0.706944
7 0.503125 0.497222 0.034375 0.0611111
7 0.362891 0.509028 0.0289063 0.0347222
7 0.479297 0.495833 0.0179687 0.025
7 0.520312 0.506944 0.046875 0.0638889
7 0.0367187 0.564583 0.0734375 0.240278
7 0.164844 0.552778 0.104687 0.1
7 0.597266 0.5375 0.100781 0.136111
