7 0.350391 0.463889 0.0132813 0.0138889
7 0.597266 0.509028 0.0117188 0.0208333
1 0.260938 0.388889 0.0109375 0.0194444
2 0.481641 0.479861 0.0117188 0.0208333
2 0.627344 0.490278 0.009375 0.025
2 0.649219 0.504167 0.0109375 0.0166667
2 0.257031 0.445139 0.0125 0.0208333
2 0.482422 0.45625 0.0132813 0.0263889
7 0.398047 0.472917 0.0289063 0.0180556
2 0.686719 0.513194 0.0140625 0.0375
2 0.775781 0.1125 0.448438 0.225
2 0.566406 0.416667 0.0421875 0.0388889
7 0.539453 0.49375 0.0195312 0.0319444
2 0.258984 0.41875 0.0164062 0.0291667
7 0.585547 0.511806 0.0195312 0.0263889
7 0.607031 0.520833 0.0234375 0.0361111
7 0.555469 0.504167 0.0171875 0.025
2 0.610547 0.427778 0.0460938 0.0416667
7 0.630469 0.536806 0.0453125 0.0597222
2 0.327734 0.0673611 0.225781 0.134722
