3 0.591406 0.5375 0.015625 0.0583333
1 0.4875 0.404861 0.0078125 0.0291667
2 0.539844 0.467361 0.015625 0.0125
1 0.548047 0.508333 0.0101562 0.0166667
3 0.697656 0.542361 0.015625 0.0847222
1 0.591797 0.478472 0.0179687 0.0236111
3 0.780859 0.529167 0.0304688 0.147222
1 0.531641 0.441667 0.00859375 0.025
3 0.710156 0.545139 0.0203125 0.0930556
1 0.480078 0.404167 0.00859375 0.0305556
3 0.688281 0.541667 0.0171875 0.0833333
2 0.577734 0.425 0.0210938 0.0166667
3 0.566016 0.539583 0.0164062 0.0597222
3 0.633984 0.542361 0.0304688 0.0791667
2 0.634766 0.305556 0.0148437 0.0416667
2 0.498437 0.402083 0.0125 0.0236111
2 0.526953 0.402778 0.0445312 0.0166667
7 0.531641 0.547917 0.0585938 0.0375
3 0.891016 0.515972 0.0257812 0.101389
3 0.663281 0.533333 0.0234375 0.0972222
7 0.419141 0.4875 0.135156 0.102778
3 0.744922 0.544444 0.0414063 0.141667
3 0.948047 0.529861 0.0507812 0.190278
7 0.351562 0.729861 0.404687 0.481944
5 0.135547 0.444444 0.267969 0.858333
