1 0.674219 0.407639 0.0140625 0.0263889
7 0.0402344 0.405556 0.0460938 0.0277778
7 0.194141 0.401389 0.0882813 0.0583333
1 0.353516 0.133333 0.0148437 0.0666667
1 0.521875 0.230556 0.0109375 0.05
1 0.546484 0.229167 0.0117188 0.05
1 0.533984 0.229167 0.0132813 0.0555556
1 0.370703 0.130556 0.0179687 0.0777778
1 0.0292969 0.246528 0.0507812 0.0597222
1 0.387891 0.134028 0.0164062 0.0708333
7 0.520312 0.479861 0.0203125 0.0513889
3 0.617578 0.484722 0.0164062 0.0638889
7 0.440234 0.530556 0.149219 0.183333
7 0.126563 0.422917 0.117188 0.0902778
2 0.0808594 0.0222222 0.0429688 0.0444444
7 0.868359 0.499306 0.261719 0.190278
7 0.545313 0.484028 0.046875 0.0652778
2 0.26875 0.0930556 0.0890625 0.0694444
2 0.0683594 0.166667 0.0726563 0.113889
