7 0.314453 0.627778 0.0460938 0.0805556
7 0.491016 0.611111 0.0164062 0.0305556
1 0.389453 0.563889 0.00859375 0.0222222
5 0.402734 0.615972 0.0226563 0.0458333
7 0.512109 0.607639 0.0195312 0.0402778
5 0.314453 0.628472 0.0460938 0.0791667
5 0.764063 0.463889 0.471875 0.797222
7 0.492578 0.621528 0.0148437 0.0208333
7 0.399609 0.641667 0.0148437 0.0416667
7 0.0421875 0.693056 0.084375 0.166667
7 0.259766 0.647917 0.0617188 0.118056
7 0.366797 0.646528 0.0632813 0.0930556
5 0.45 0.6 0.0609375 0.152778
7 0.146484 0.690278 0.217969 0.233333
