7 0.649219 0.413889 0.0140625 0.0305556
2 0.0636719 0.376389 0.0132813 0.0166667
1 0.0761719 0.392361 0.0148437 0.0208333
1 0.645703 0.364583 0.0117188 0.0208333
1 0.0511719 0.377778 0.00859375 0.025
1 0.0425781 0.394444 0.0164062 0.0222222
1 0.040625 0.34375 0.0078125 0.0263889
1 0.555078 0.283333 0.0101562 0.0277778
3 0.673437 0.442361 0.0203125 0.0708333
2 0.0574219 0.359028 0.0242187 0.0152778
7 0.0972656 0.45 0.0460938 0.0305556
1 0.192578 0.313889 0.00859375 0.0333333
3 0.194531 0.440278 0.0125 0.0472222
1 0.645703 0.300694 0.0101562 0.0319444
2 0.310547 0.370139 0.0210938 0.0319444
7 0.0273438 0.621528 0.0546875 0.423611
2 0.602344 0.290278 0.0203125 0.0277778
1 0.181641 0.315278 0.0101562 0.0361111
3 0.153125 0.445139 0.0125 0.0430556
2 0.309375 0.327778 0.028125 0.0472222
7 0.0214844 0.468056 0.0429688 0.0777778
7 0.479297 0.579167 0.407031 0.597222
7 0.848047 0.582639 0.303906 0.568056
7 0.260938 0.46875 0.1125 0.181944
