7 0.750391 0.443056 0.0117188 0.0194444
2 0.99375 0.282639 0.0125 0.0347222
7 0.778125 0.445833 0.0109375 0.0194444
7 0.736719 0.45625 0.0140625 0.0208333
7 0.769141 0.440972 0.0101562 0.0152778
7 0.713281 0.461111 0.0203125 0.0305556
7 0.785156 0.456944 0.0125 0.025
7 0.726562 0.461806 0.0125 0.0208333
7 0.794141 0.461111 0.0164062 0.0361111
7 0.705469 0.465972 0.021875 0.0291667
7 0.815625 0.471528 0.025 0.0680556
7 0.807031 0.463889 0.021875 0.0527778
7 0.0550781 0.601389 0.110156 0.658333
7 0.644531 0.478472 0.028125 0.0541667
7 0.658594 0.475 0.021875 0.0472222
7 0.845703 0.477083 0.0554687 0.106944
7 0.623828 0.481944 0.0320312 0.0583333
7 0.517578 0.501389 0.0554687 0.108333
7 0.585938 0.4875 0.06875 0.075
7 0.944531 0.55 0.110937 0.258333
7 0.916797 0.493056 0.146094 0.194444
7 0.396875 0.505556 0.198437 0.197222
