7 0.417188 0.564583 0.0125 0.0152778
7 0.0382813 0.578472 0.0640625 0.0458333
7 0.398438 0.575 0.0109375 0.0194444
7 0.0148437 0.600694 0.028125 0.0402778
7 0.754297 0.585417 0.0492188 0.0680556
7 0.379297 0.580556 0.0164062 0.0277778
7 0.642187 0.56875 0.0421875 0.0236111
7 0.40625 0.571528 0.0140625 0.0236111
7 0.433984 0.571528 0.0164062 0.0263889
7 0.390234 0.577778 0.0132813 0.025
7 0.508594 0.582639 0.0125 0.0291667
7 0.552734 0.572917 0.0226563 0.0319444
7 0.519141 0.584722 0.0164062 0.0388889
7 0.369922 0.584722 0.0226563 0.0305556
7 0.422656 0.581944 0.0234375 0.0305556
7 0.535937 0.588194 0.0359375 0.0486111
7 0.691406 0.577778 0.0796875 0.0694444
7 0.316797 0.598611 0.0445312 0.05
7 0.242578 0.609722 0.0757812 0.0888889
7 0.625 0.620139 0.0875 0.0958333
7 0.473828 0.615972 0.0757812 0.106944
7 0.158984 0.625694 0.100781 0.123611
7 0.915234 0.604167 0.169531 0.127778
7 0.0675781 0.663889 0.135156 0.15
