7 0.365625 0.615278 0.009375 0.0166667
7 0.384375 0.627083 0.015625 0.0375
7 0.371094 0.617361 0.0125 0.0180556
7 0.376563 0.620833 0.0140625 0.025
7 0.334375 0.61875 0.0125 0.0152778
2 0.399609 0.5875 0.0101562 0.0222222
4 0.377734 0.65625 0.0132813 0.0430556
2 0.479688 0.511806 0.015625 0.0236111
7 0.391797 0.636806 0.0179687 0.0569444
7 0.402344 0.642361 0.0203125 0.0652778
7 0.257031 0.652083 0.0265625 0.0625
7 0.414453 0.648611 0.0273438 0.0777778
2 0.0902344 0.503472 0.0195312 0.0291667
7 0.915625 0.775694 0.16875 0.406944
7 0.350391 0.625 0.0195312 0.0305556
7 0.267188 0.649306 0.0234375 0.0569444
7 0.427344 0.652778 0.0328125 0.1
7 0.0800781 0.686806 0.160156 0.601389
7 0.155078 0.661806 0.0835937 0.145833
7 0.315234 0.634028 0.0570313 0.0486111
7 0.227344 0.659722 0.0703125 0.0805556
7 0.498437 0.684028 0.09375 0.206944
7 0.728125 0.689583 0.465625 0.490278
