2 0.404687 0.341667 0.0234375 0.0388889
7 0.021875 0.5 0.0109375 0.0194444
7 0.0355469 0.516667 0.0148437 0.0194444
7 0.0464844 0.51875 0.0132813 0.0208333
7 0.0308594 0.514583 0.0101562 0.0180556
7 0.0402344 0.518056 0.0132813 0.0194444
7 0.053125 0.526389 0.0171875 0.0305556
7 0.0636719 0.540278 0.0179687 0.0361111
7 0.059375 0.53125 0.021875 0.0319444
7 0.100391 0.561806 0.0226563 0.0652778
7 0.0902344 0.558333 0.0242187 0.0583333
2 0.406641 0.299306 0.0257812 0.115278
7 0.0765625 0.551389 0.0234375 0.0472222
7 0.843359 0.799306 0.311719 0.3375
7 0.11875 0.564583 0.0390625 0.0819444
7 0.133984 0.570833 0.0335938 0.0888889
3 0.605859 0.565972 0.0804688 0.2875
3 0.514844 0.584722 0.071875 0.283333
7 0.167969 0.575 0.0703125 0.108333
7 0.222656 0.59375 0.107813 0.165278
7 0.336328 0.618056 0.224219 0.241667
