7 0.586719 0.481944 0.025 0.0277778
1 0.482031 0.413194 0.0078125 0.0180556
1 0.478516 0.4125 0.00703125 0.0194444
1 0.421875 0.409028 0.00625 0.0208333
2 0.326953 0.407639 0.0148437 0.0236111
1 0.417188 0.409722 0.00625 0.0222222
7 0.367969 0.49375 0.0171875 0.0375
7 0.454297 0.484722 0.0117188 0.025
7 0.462891 0.4875 0.0132813 0.0444444
1 0.130078 0.344444 0.0195312 0.0472222
1 0.764063 0.331944 0.0171875 0.0472222
2 0.397266 0.413194 0.0210938 0.0152778
1 0.78125 0.331944 0.025 0.0444444
1 0.107813 0.344444 0.025 0.0472222
2 0.764063 0.224306 0.0328125 0.0236111
1 0.507422 0.0263889 0.0226563 0.05
1 0.480078 0.0263889 0.0242187 0.0527778
7 0.301562 0.503472 0.03125 0.0597222
7 0.347266 0.491667 0.0351562 0.05
2 0.144141 0.302778 0.0507812 0.0305556
2 0.744141 0.131944 0.0476562 0.0333333
7 0.432422 0.485417 0.0242187 0.0430556
2 0.629297 0.075 0.103906 0.0472222
7 0.401563 0.491667 0.0484375 0.0805556
7 0.491406 0.4875 0.059375 0.0944444
7 0.240625 0.499306 0.101562 0.106944
