7 0.368359 0.53125 0.0148437 0.0180556
2 0.640625 0.506944 0.009375 0.0166667
5 0.323047 0.518056 0.0335938 0.0472222
7 0.588672 0.528472 0.0226563 0.0125
7 0.544922 0.527778 0.0289063 0.0166667
7 0.40625 0.540972 0.015625 0.0263889
7 0.327734 0.547917 0.0179687 0.0291667
2 0.335547 0.473611 0.0148437 0.0277778
7 0.391797 0.529861 0.0148437 0.0208333
2 0.451172 0.509028 0.0164062 0.0291667
7 0.3 0.551389 0.040625 0.0555556
7 0.426953 0.559722 0.0429688 0.0638889
7 0.353125 0.565278 0.0515625 0.0722222
