2 0.755469 0.479167 0.0109375 0.0305556
7 0.980859 0.613889 0.0382813 0.0944444
1 0.759375 0.506944 0.0109375 0.025
7 0.0386719 0.609722 0.0773437 0.133333
1 0.996094 0.415972 0.0078125 0.0736111
5 0.612109 0.558333 0.0210938 0.0388889
1 0.96875 0.413194 0.015625 0.0652778
1 0.259766 0.45625 0.00859375 0.0486111
7 0.70625 0.570139 0.0140625 0.0263889
5 0.0386719 0.607639 0.0773437 0.1375
7 0.636719 0.570833 0.0265625 0.0222222
1 0.771875 0.506944 0.01875 0.0277778
2 0.99375 0.261111 0.0125 0.0972222
7 0.658594 0.570833 0.015625 0.0222222
1 0.480859 0.290278 0.0164062 0.0694444
1 0.452734 0.515972 0.0179687 0.0291667
7 0.591797 0.568056 0.0273438 0.0361111
4 0.805078 0.68125 0.0320312 0.101389
2 0.76875 0.438889 0.0265625 0.0138889
1 0.598828 0.367361 0.0101562 0.0458333
1 0.468359 0.293056 0.0117188 0.0583333
2 0.257031 0.288889 0.0203125 0.0361111
1 0.621484 0.365278 0.0117188 0.0444444
1 0.609766 0.365278 0.0117188 0.0472222
1 0.498828 0.290972 0.0164062 0.0652778
2 0.220313 0.327778 0.0515625 0.025
1 0.222266 0.452778 0.0304688 0.05
8 0.801953 0.641667 0.0414063 0.147222
7 0.560547 0.59375 0.0507812 0.0819444
7 0.653516 0.781944 0.257031 0.402778
