1 0.517969 0.298611 0.0078125 0.0194444
7 0.503516 0.36875 0.0179687 0.0236111
7 0.521484 0.365972 0.0101562 0.0152778
7 0.447266 0.364583 0.0429688 0.0652778
1 0.322656 0.295139 0.0125 0.0263889
7 0.515234 0.366667 0.0101562 0.0166667
7 0.550781 0.365278 0.0125 0.0166667
7 0.562891 0.364583 0.0117188 0.0180556
7 0.576563 0.367361 0.0109375 0.0180556
8 0.463281 0.372917 0.015625 0.0597222
7 0.508594 0.368056 0.0109375 0.0222222
1 0.670313 0.125 0.0078125 0.0444444
2 0.819922 0.222222 0.0117188 0.0166667
4 0.463672 0.393056 0.0148437 0.0444444
7 0.476953 0.372917 0.0179687 0.0402778
7 0.497266 0.367361 0.0148437 0.0263889
7 0.484766 0.36875 0.0195312 0.0402778
1 0.838281 0.277083 0.0203125 0.0291667
1 0.662109 0.122917 0.0117188 0.0513889
1 0.307422 0.29375 0.0164062 0.0291667
7 0.585156 0.368056 0.0140625 0.0194444
7 0.538672 0.365278 0.0132813 0.0222222
2 0.809375 0.196528 0.021875 0.0180556
3 0.850781 0.3625 0.0203125 0.0916667
2 0.838672 0.20625 0.0257812 0.0180556
7 0.616016 0.370833 0.0226563 0.0361111
7 0.692187 0.378472 0.0203125 0.0513889
1 0.339453 0.025 0.0148437 0.05
1 0.353906 0.0270833 0.0140625 0.0513889
2 0.824219 0.241667 0.0296875 0.0194444
7 0.429297 0.384028 0.0367187 0.0569444
3 0.285937 0.374306 0.0171875 0.0736111
2 0.825781 0.0583333 0.0265625 0.0722222
3 0.876953 0.363889 0.0210938 0.0888889
7 0.398828 0.391667 0.0570313 0.0666667
7 0.734375 0.371528 0.0734375 0.0902778
7 0.0539063 0.404861 0.107813 0.0930556
7 0.654297 0.381944 0.0742188 0.0888889
