7 0.224219 0.540278 0.015625 0.0166667
7 0.359766 0.540972 0.0101562 0.0180556
7 0.25625 0.543056 0.0296875 0.0444444
7 0.0796875 0.559028 0.0171875 0.0263889
7 0.0585938 0.5625 0.03125 0.0277778
7 0.522266 0.540972 0.0257812 0.0208333
7 0.670703 0.546528 0.0445312 0.0402778
2 0.375391 0.4375 0.0132813 0.0277778
7 0.103906 0.554861 0.0296875 0.0291667
7 0.567969 0.541667 0.0234375 0.0222222
7 0.320703 0.556944 0.0226563 0.0527778
7 0.348828 0.545139 0.0195312 0.0263889
7 0.381641 0.559028 0.0445312 0.0625
7 0.292578 0.571528 0.0664062 0.0847222
