3 0.314063 0.550694 0.0203125 0.109722
3 0.73125 0.530556 0.0203125 0.111111
1 0.621875 0.468056 0.00625 0.0194444
5 0.577734 0.491667 0.0398437 0.0583333
3 0.191797 0.516667 0.0210938 0.0527778
1 0.703125 0.418056 0.0125 0.0277778
3 0.697656 0.538194 0.01875 0.101389
3 0.212109 0.527778 0.0179687 0.0527778
3 0.869141 0.520139 0.0132813 0.0930556
3 0.715234 0.534722 0.0210938 0.108333
1 0.240625 0.447917 0.0125 0.0291667
3 0.255078 0.554861 0.0164062 0.101389
2 0.244922 0.402778 0.0257812 0.0305556
3 0.233203 0.550694 0.0242187 0.118056
1 0.239453 0.354861 0.0132813 0.0513889
1 0.263281 0.395833 0.0140625 0.0527778
1 0.577734 0.244444 0.0117188 0.0527778
1 0.801562 0.0131944 0.03125 0.0263889
1 0.319531 0.238194 0.0140625 0.0597222
3 0.898828 0.521528 0.0226563 0.106944
7 0.567187 0.541667 0.01875 0.0722222
2 0.702734 0.358333 0.0304688 0.0194444
1 0.992578 0.0625 0.0148437 0.0833333
3 0.285156 0.550694 0.0203125 0.104167
3 0.752734 0.523611 0.0335938 0.141667
3 0.323438 0.550694 0.034375 0.123611
7 0.121875 0.525694 0.24375 0.248611
0 0.481641 0.463889 0.164844 0.302778
7 0.619531 0.561111 0.09375 0.138889
