3 0.345703 0.634028 0.0101562 0.0486111
1 0.0921875 0.534028 0.01875 0.0319444
3 0.989844 0.665278 0.0203125 0.275
4 0.280469 0.646528 0.028125 0.0513889
1 0.766797 0.53125 0.0132813 0.0347222
2 0.369922 0.550694 0.0257812 0.0180556
3 0.334766 0.638889 0.0101562 0.0416667
7 0.485547 0.640972 0.0132813 0.0180556
1 0.0476562 0.509722 0.0125 0.0611111
8 0.278125 0.615972 0.025 0.1125
3 0.471094 0.640972 0.0109375 0.0430556
7 0.445703 0.64375 0.0273438 0.0236111
7 0.41875 0.642361 0.03125 0.0319444
1 0.0996094 0.456944 0.0164062 0.0666667
2 0.624609 0.427083 0.0351562 0.0180556
7 0.249609 0.633333 0.0507812 0.0805556
1 0.752344 0.434722 0.0203125 0.0916667
7 0.3875 0.640278 0.0328125 0.0444444
1 0.614453 0.466667 0.0132813 0.0611111
7 0.303906 0.638889 0.0359375 0.0583333
3 0.968359 0.657639 0.0601562 0.281944
3 0.0675781 0.622222 0.0320312 0.125
3 0.75625 0.644444 0.040625 0.2
3 0.727344 0.630556 0.0328125 0.158333
3 0.912891 0.653472 0.0460938 0.173611
3 0.791797 0.636806 0.0382813 0.179167
7 0.542578 0.629861 0.0664062 0.0986111
