7 0.390625 0.443056 0.025 0.05
7 0.21875 0.426389 0.0328125 0.0416667
7 0.211719 0.420139 0.021875 0.0291667
1 0.192188 0.352083 0.009375 0.0291667
1 0.277734 0.359028 0.00859375 0.0208333
7 0.226172 0.436806 0.0257812 0.0569444
7 0.383203 0.438889 0.0226563 0.05
2 0.244141 0.357639 0.0132813 0.0208333
5 0.337891 0.397917 0.0460938 0.0402778
7 0.0136719 0.536111 0.0273438 0.269444
7 0.252344 0.405556 0.0328125 0.0305556
2 0.427344 0.3375 0.01875 0.0361111
7 0.403516 0.449306 0.0320312 0.0569444
7 0.290625 0.434028 0.0265625 0.0541667
7 0.318359 0.44375 0.0398437 0.0736111
7 0.193359 0.441667 0.0445312 0.0666667
7 0.176953 0.450694 0.0320312 0.0736111
7 0.426172 0.456944 0.0429688 0.0638889
7 0.258594 0.443056 0.053125 0.0805556
7 0.154297 0.445139 0.0414063 0.118056
7 0.348047 0.456944 0.0617188 0.0861111
7 0.0765625 0.445139 0.153125 0.184722
7 0.480859 0.457639 0.0882813 0.118056
7 0.533984 0.490972 0.111719 0.120833
7 0.660547 0.527778 0.189844 0.222222
