2 0.544141 0.315972 0.00859375 0.0152778
7 0.621875 0.404167 0.0875 0.0833333
4 0.432813 0.397917 0.015625 0.0569444
7 0.5 0.35 0.0140625 0.0222222
2 0.263281 0.297917 0.0140625 0.0152778
3 0.241016 0.377083 0.00859375 0.0375
8 0.434375 0.376389 0.015625 0.0583333
8 0.621094 0.438194 0.053125 0.156944
3 0.282422 0.35 0.0101562 0.0194444
2 0.643359 0.331944 0.0132813 0.0361111
7 0.404297 0.340972 0.0179687 0.0319444
2 0.146875 0.299306 0.0125 0.0180556
1 0.275391 0.270833 0.00859375 0.0277778
7 0.378516 0.349306 0.0242187 0.0458333
1 0.169531 0.314583 0.0125 0.0236111
3 0.0414063 0.404167 0.0171875 0.0916667
7 0.396875 0.35 0.015625 0.0222222
3 0.251172 0.39375 0.0132813 0.0625
1 0.374609 0.239583 0.00859375 0.0291667
1 0.655859 0.335417 0.0132813 0.0236111
2 0.141016 0.315972 0.0132813 0.0180556
3 0.208203 0.388194 0.0179687 0.0708333
1 0.573828 0.329861 0.0117188 0.0180556
1 0.476562 0.260417 0.00625 0.0208333
3 0.571484 0.370139 0.0101562 0.0541667
7 0.351172 0.372917 0.0179687 0.0375
3 0.263672 0.405556 0.0164062 0.0722222
2 0.652344 0.263889 0.01875 0.0166667
3 0.0675781 0.392361 0.0179687 0.0597222
7 0.280078 0.379167 0.0414063 0.0416667
7 0.423047 0.346528 0.0164062 0.0236111
4 0.619141 0.483333 0.0492188 0.119444
3 0.232422 0.386806 0.0117188 0.0597222
7 0.448047 0.349306 0.0164062 0.0263889
7 0.508203 0.355556 0.0195312 0.0277778
3 0.194922 0.418056 0.0195312 0.0944444
7 0.329688 0.375 0.0390625 0.0527778
7 0.535156 0.361111 0.040625 0.0777778
7 0.358984 0.363889 0.0289063 0.0416667
7 0.0199219 0.460417 0.0398437 0.1625
7 0.394141 0.415972 0.0710938 0.115278
7 0.305078 0.423611 0.0789063 0.0916667
0 0.819141 0.38125 0.360156 0.568056
7 0.126172 0.429167 0.128906 0.119444
