1 0.416797 0.513889 0.00703125 0.0194444
2 0.498437 0.536806 0.0109375 0.0125
2 0.849609 0.622917 0.0257812 0.1125
2 0.876953 0.321528 0.0414063 0.0263889
2 0.516016 0.518056 0.0117188 0.0222222
2 0.572266 0.515278 0.00859375 0.0222222
3 0.798047 0.613889 0.0164062 0.075
2 0.485547 0.515972 0.0117188 0.0180556
7 0.774219 0.609722 0.065625 0.0833333
1 0.108984 0.167361 0.0164062 0.0902778
7 0.254297 0.4875 0.0804688 0.208333
7 0.0640625 0.561806 0.053125 0.0291667
2 0.857422 0.429167 0.0289063 0.0666667
1 0.483984 0.170139 0.0273438 0.0986111
1 0.881641 0.273611 0.0304688 0.05
1 0.128906 0.165278 0.028125 0.113889
2 0.842188 0.348611 0.040625 0.0444444
1 0.511328 0.174306 0.0257812 0.120833
7 0.897656 0.618056 0.0765625 0.0916667
5 0.658594 0.559722 0.139062 0.161111
