7 0.596875 0.482639 0.0265625 0.0347222
2 0.720312 0.347917 0.0125 0.0180556
8 0.584766 0.496528 0.0148437 0.0513889
1 0.577734 0.391667 0.00703125 0.0222222
4 0.585547 0.515278 0.0132813 0.0388889
1 0.525 0.392361 0.00625 0.0208333
1 0.571484 0.390972 0.00703125 0.0208333
3 0.667578 0.480556 0.00859375 0.0416667
1 0.441406 0.392361 0.0078125 0.0208333
1 0.161719 0.430556 0.0140625 0.025
0 0.428906 0.438194 0.0484375 0.0486111
3 0.187891 0.506944 0.0132813 0.0861111
1 0.744531 0.427083 0.0203125 0.0263889
7 0.392969 0.4625 0.015625 0.0277778
2 0.182031 0.384028 0.0140625 0.0152778
7 0.364062 0.479167 0.01875 0.0444444
7 0.604297 0.501389 0.0304688 0.05
2 0.74375 0.372222 0.0265625 0.0138889
2 0.161719 0.3625 0.0265625 0.0166667
3 0.0398437 0.533333 0.01875 0.0972222
1 0.0339844 0.122917 0.0273438 0.0902778
3 0.217578 0.503472 0.0148437 0.0819444
3 0.0757812 0.522917 0.0203125 0.0930556
2 0.727344 0.400694 0.025 0.0180556
1 0.271484 0.280556 0.0132813 0.05
1 0.610156 0.251389 0.0109375 0.05
7 0.619922 0.505556 0.0320312 0.0555556
1 0.258203 0.277778 0.0117188 0.05
7 0.342969 0.481944 0.0453125 0.0611111
2 0.177344 0.400694 0.0265625 0.0180556
3 0.0132813 0.529167 0.0234375 0.102778
3 0.204297 0.50625 0.0179687 0.0902778
3 0.0933594 0.522222 0.0179687 0.1
7 0.372266 0.470833 0.0351562 0.05
1 0.0652344 0.129167 0.0257812 0.0833333
7 0.315234 0.497917 0.0429688 0.0541667
7 0.646875 0.517361 0.059375 0.0708333
7 0.273828 0.50625 0.0695312 0.0791667
7 0.8625 0.663889 0.275 0.558333
7 0.480078 0.668056 0.294531 0.45
