7 0.448438 0.491667 0.0109375 0.0194444
7 0.410547 0.496528 0.0132813 0.0180556
7 0.886719 0.452778 0.0515625 0.133333
7 0.391797 0.494444 0.0117188 0.0166667
7 0.361328 0.506944 0.0164062 0.0305556
7 0.480078 0.497222 0.0117188 0.0305556
7 0.489844 0.496528 0.0171875 0.0347222
2 0.819922 0.222917 0.0257812 0.0208333
7 0.380078 0.504167 0.0148437 0.0277778
7 0.430859 0.493056 0.0132813 0.0194444
5 0.464453 0.486111 0.0226563 0.0472222
7 0.505859 0.495139 0.0242187 0.0402778
7 0.527734 0.49375 0.0289063 0.0541667
7 0.345703 0.510417 0.0273438 0.0402778
2 0.801953 0.302083 0.0367187 0.0263889
7 0.550781 0.489583 0.03125 0.0708333
7 0.308984 0.510417 0.0507812 0.0736111
5 0.180469 0.501389 0.090625 0.119444
5 0.257031 0.502778 0.05625 0.0861111
7 0.889063 0.734028 0.221875 0.526389
7 0.782812 0.49375 0.198437 0.204167
5 0.0847656 0.483333 0.169531 0.222222
7 0.0417969 0.611111 0.0835937 0.188889
7 0.584766 0.489583 0.0648438 0.0763889
