1 0.244922 0.13125 0.0304688 0.0708333
3 0.865234 0.46875 0.0132813 0.0319444
1 0.644141 0.377778 0.0101562 0.0305556
2 0.891797 0.306944 0.0273438 0.0333333
7 0.716797 0.493056 0.0289063 0.0416667
1 0.234766 0.122917 0.0179687 0.0930556
1 0.667578 0.379167 0.0195312 0.0333333
1 0.265234 0.136806 0.0117188 0.0597222
1 0.0871094 0.338889 0.0210938 0.0361111
1 0.253125 0.13125 0.0140625 0.0680556
7 0.380859 0.459028 0.0351562 0.0458333
2 0.891016 0.267361 0.0179687 0.0402778
2 0.672266 0.279167 0.0304688 0.0194444
1 0.636719 0.206944 0.0171875 0.0805556
3 0.209766 0.468056 0.0195312 0.1
2 0.0683594 0.2625 0.0242187 0.0583333
2 0.213672 0.129167 0.0210938 0.05
7 0.571875 0.481944 0.040625 0.0555556
7 0.677734 0.488194 0.0554687 0.0513889
7 0.391016 0.488194 0.0570313 0.0763889
7 0.848437 0.513889 0.103125 0.0944444
7 0.0953125 0.493056 0.153125 0.208333
