7 0.778906 0.0881944 0.046875 0.0597222
8 0.15 0.207639 0.0234375 0.0819444
7 0.9 0.0604167 0.0296875 0.0375
1 0.392188 0.00555556 0.0203125 0.0111111
7 0.971484 0.0256944 0.0570313 0.0430556
1 0.122266 0.01875 0.0117188 0.0375
3 0.0164062 0.219444 0.01875 0.0277778
2 0.180859 0.14375 0.0117188 0.0208333
3 0.209766 0.202083 0.0101562 0.0319444
3 0.148828 0.207639 0.0226563 0.0819444
1 0.229687 0.127083 0.0078125 0.0208333
7 0.255859 0.195139 0.0117188 0.0319444
2 0.262891 0.147222 0.00859375 0.0138889
5 0.141797 0.182639 0.0851562 0.118056
3 0.695312 0.164583 0.03125 0.1375
7 0.269922 0.19375 0.0148437 0.0347222
1 0.320312 0.00694444 0.0125 0.0138889
2 0.0671875 0.0354167 0.0234375 0.0236111
2 0.0101562 0.0833333 0.01875 0.0166667
1 0.130859 0.0180556 0.0117188 0.0361111
7 0.244531 0.196528 0.021875 0.0375
1 0.111719 0.01875 0.0125 0.0375
2 0.0285156 0.109028 0.0179687 0.0375
7 0.189453 0.204861 0.0257812 0.0625
3 0.721484 0.159722 0.0320312 0.138889
2 0.0152344 0.0236111 0.0210938 0.0388889
7 0.230078 0.205556 0.0289063 0.0388889
7 0.683203 0.121528 0.125781 0.109722
0 0.441016 0.125694 0.346094 0.179167
7 0.944531 0.0965278 0.110937 0.123611
7 0.828516 0.0916667 0.132031 0.102778
7 0.378906 0.289583 0.190625 0.276389
