1 0.333984 0.358333 0.00859375 0.0166667
1 0.644141 0.348611 0.0101562 0.0194444
7 0.402344 0.397222 0.0109375 0.0166667
2 0.0132813 0.390972 0.0109375 0.0208333
2 0.64375 0.33125 0.0125 0.0125
2 0.880078 0.265972 0.0273438 0.0180556
2 0.471094 0.34375 0.0078125 0.0152778
1 0.844531 0.315972 0.0109375 0.0291667
7 0.551562 0.402083 0.021875 0.0319444
7 0.567578 0.404861 0.0210938 0.0319444
7 0.479688 0.4 0.0140625 0.0277778
7 0.412891 0.397222 0.0117188 0.0194444
1 0.862891 0.314583 0.0148437 0.0263889
1 0.601562 0.269444 0.009375 0.0361111
7 0.158594 0.417361 0.03125 0.0430556
3 0.839063 0.397917 0.0125 0.0513889
1 0.46875 0.280556 0.0078125 0.0333333
3 0.682031 0.397917 0.0125 0.0486111
3 0.646484 0.398611 0.0132813 0.05
7 0.425391 0.397917 0.0164062 0.0236111
7 0.440625 0.400694 0.015625 0.0263889
7 0.592969 0.402083 0.0390625 0.0430556
2 0.6375 0.281944 0.015625 0.0305556
7 0.930469 0.407639 0.071875 0.0625
3 0.784375 0.407639 0.0140625 0.0569444
2 0.442578 0.319444 0.0210938 0.0333333
7 0.458203 0.401389 0.0273438 0.0388889
3 0.768359 0.40625 0.0179687 0.0736111
7 0.0800781 0.402083 0.130469 0.0847222
7 0.510547 0.425 0.0710938 0.0944444
