7 0.312109 0.398611 0.0101562 0.0111111
7 0.380469 0.39375 0.0125 0.0180556
7 0.00507812 0.440972 0.0101562 0.0513889
2 0.364062 0.360417 0.015625 0.0180556
7 0.367578 0.39375 0.0101562 0.0152778
3 0.191016 0.264583 0.0101562 0.0208333
7 0.371484 0.419444 0.0257812 0.0305556
2 0.380078 0.359028 0.0164062 0.0152778
2 0.812891 0.164583 0.0148437 0.0236111
2 0.128516 0.229861 0.00859375 0.0208333
7 0.350781 0.395833 0.0125 0.0166667
7 0.689844 0.252778 0.0328125 0.025
7 0.0300781 0.555556 0.0601562 0.386111
7 0.182812 0.427083 0.0359375 0.0263889
2 0.639453 0.0388889 0.0382813 0.0361111
2 0.278125 0.317361 0.0765625 0.0319444
7 0.379687 0.435417 0.0359375 0.0486111
2 0.639453 0.100694 0.0554687 0.0847222
7 0.266016 0.446528 0.0695312 0.0902778
