1 0.206641 0.36875 0.00703125 0.0180556
7 0.612891 0.440972 0.0210938 0.0430556
1 0.209375 0.367361 0.009375 0.0180556
7 0.264844 0.440278 0.0171875 0.0222222
0 0.0703125 0.361111 0.139062 0.555556
7 0.339063 0.440972 0.015625 0.0347222
7 0.303906 0.434028 0.021875 0.0236111
7 0.323438 0.436111 0.0171875 0.0222222
7 0.171094 0.449306 0.0296875 0.0236111
2 0.155469 0.384722 0.015625 0.025
7 0.239063 0.440278 0.034375 0.0277778
7 0.141797 0.449306 0.0242187 0.0291667
2 0.841406 0.247917 0.0296875 0.0375
1 0.263281 0.0652778 0.0203125 0.0888889
7 0.630859 0.460417 0.0445312 0.0847222
7 0.362109 0.449306 0.0507812 0.0625
7 0.674219 0.472222 0.084375 0.108333
7 0.897656 0.644444 0.204688 0.530556
7 0.516016 0.501389 0.205469 0.316667
7 0.803125 0.5 0.2125 0.255556
