1 0.983984 0.0513889 0.0320312 0.102778
2 0.983594 0.0506944 0.0328125 0.101389
5 0.383203 0.527778 0.0445312 0.0833333
1 0.480469 0.438889 0.009375 0.0472222
2 0.442969 0.513194 0.0125 0.0291667
1 0.0992187 0.480556 0.0109375 0.0416667
2 0.543359 0.442361 0.0382813 0.0569444
2 0.509766 0.463889 0.0195312 0.0361111
2 0.796094 0.347917 0.0203125 0.0513889
2 0.576563 0.436806 0.0203125 0.0625
7 0.0898438 0.58125 0.0734375 0.0402778
7 0.0292969 0.584028 0.0570313 0.0486111
2 0.877344 0.301389 0.053125 0.0944444
7 0.267578 0.614583 0.241406 0.381944
