7 0.0453125 0.452778 0.0171875 0.0166667
5 0.852734 0.459722 0.192969 0.138889
2 0.338281 0.440278 0.0125 0.0222222
4 0.553906 0.493056 0.028125 0.0333333
7 0.0683594 0.463889 0.0320312 0.0277778
1 0.252734 0.357639 0.0101562 0.0263889
7 0.462891 0.458333 0.0210938 0.0166667
7 0.386719 0.461111 0.0296875 0.0416667
2 0.663672 0.432639 0.0101562 0.0208333
7 0.442969 0.461111 0.0203125 0.0166667
1 0.104297 0.350694 0.00859375 0.0347222
1 0.182031 0.354167 0.0109375 0.0305556
1 0.437891 0.347917 0.00859375 0.0319444
1 0.340625 0.34375 0.0078125 0.0319444
1 0.547656 0.347917 0.0078125 0.0402778
7 0.149609 0.467361 0.0304688 0.0347222
7 0.359766 0.469444 0.0257812 0.0277778
7 0.107031 0.478472 0.059375 0.0486111
7 0.50625 0.474306 0.0296875 0.0375
2 0.034375 0.372222 0.034375 0.0694444
