1 0.384766 0.440972 0.0132813 0.0236111
2 0.379687 0.403472 0.009375 0.0236111
1 0.151562 0.363889 0.0140625 0.0333333
2 0.165625 0.31875 0.0109375 0.0180556
1 0.521484 0.345139 0.0101562 0.0375
2 0.820703 0.343056 0.0351562 0.0388889
1 0.509375 0.345139 0.0109375 0.0402778
2 0.25625 0.195833 0.0109375 0.0194444
1 0.445312 0.389583 0.009375 0.0291667
1 0.461328 0.386111 0.0148437 0.0222222
1 0.373828 0.378472 0.0117188 0.0263889
1 0.373437 0.290972 0.0203125 0.0402778
1 0.166797 0.355556 0.0179687 0.0583333
2 0.782031 0.345833 0.025 0.0388889
1 0.50625 0.195139 0.0265625 0.0708333
1 0.256641 0.232639 0.0164062 0.0569444
2 0.373437 0.249306 0.0234375 0.0402778
2 0.144922 0.449306 0.0257812 0.0402778
2 0.664844 0.291667 0.0390625 0.0611111
2 0.361328 0.470833 0.0398437 0.0777778
