3 0.234375 0.596528 0.0140625 0.0347222
1 0.327734 0.497917 0.00703125 0.0208333
1 0.0046875 0.138194 0.009375 0.101389
7 0.497266 0.567361 0.0195312 0.0180556
3 0.238672 0.592361 0.00859375 0.0291667
7 0.404297 0.584722 0.0101562 0.0166667
7 0.479297 0.566667 0.0148437 0.0166667
7 0.522266 0.597222 0.0164062 0.0444444
7 0.516797 0.575 0.0257812 0.025
7 0.414062 0.586111 0.009375 0.0138889
3 0.230469 0.601389 0.009375 0.0444444
1 0.322266 0.498611 0.00703125 0.0222222
7 0.387109 0.584722 0.0117188 0.0166667
7 0.312891 0.613889 0.0242187 0.0777778
7 0.533594 0.601389 0.025 0.0666667
2 0.0917969 0.470139 0.0117188 0.0319444
7 0.374609 0.586111 0.0132813 0.0222222
2 0.891406 0.493056 0.028125 0.0472222
3 0.220313 0.602778 0.0109375 0.05
2 0.286719 0.50625 0.025 0.0125
5 0.264453 0.554861 0.0476562 0.0597222
0 0.0769531 0.600694 0.152344 0.209722
5 0.0765625 0.601389 0.153125 0.211111
1 0.586328 0.147222 0.0242187 0.108333
3 0.740234 0.601389 0.0210938 0.0833333
5 0.612891 0.625694 0.172656 0.209722
5 0.445703 0.561806 0.0492188 0.106944
7 0.328516 0.598611 0.0398437 0.0694444
7 0.696094 0.634722 0.08125 0.141667
7 0.488672 0.619444 0.0679687 0.0944444
7 0.269922 0.634722 0.0992187 0.130556
