2 0.0144531 0.368056 0.0101562 0.0277778
2 0.465234 0.389583 0.0101562 0.0180556
2 0.162109 0.353472 0.0148437 0.0263889
7 0.927344 0.459028 0.03125 0.0291667
7 0.887109 0.456944 0.0210938 0.0305556
2 0.220703 0.373611 0.00859375 0.0194444
7 0.0476562 0.64375 0.0953125 0.3875
7 0.972656 0.469444 0.0359375 0.0305556
2 0.162109 0.31875 0.0242187 0.0402778
2 0.466406 0.360417 0.01875 0.0347222
7 0.293359 0.441667 0.0429688 0.0527778
2 0.41875 0.241667 0.05 0.1
2 0.350781 0.230556 0.075 0.102778
2 0.245312 0.211806 0.084375 0.0958333
7 0.263281 0.472222 0.075 0.0972222
7 0.409766 0.453472 0.0570313 0.0736111
