7 0.471094 0.434028 0.0125 0.0152778
7 0.489844 0.427778 0.0125 0.0138889
7 0.611328 0.438194 0.0132813 0.0208333
7 0.626953 0.435417 0.0195312 0.0180556
2 0.604297 0.394444 0.0101562 0.0138889
7 0.458594 0.434722 0.0109375 0.0138889
7 0.358984 0.436806 0.0148437 0.0180556
7 0.444141 0.436806 0.0164062 0.0180556
7 0.330859 0.451389 0.0195312 0.0277778
7 0.06875 0.479861 0.0625 0.0486111
7 0.541016 0.43125 0.0117188 0.0208333
7 0.241797 0.466667 0.0445312 0.0277778
2 0.591406 0.395139 0.0109375 0.0180556
7 0.526953 0.441667 0.0164062 0.025
7 0.552734 0.443056 0.0179687 0.0305556
7 0.405469 0.446528 0.021875 0.0236111
7 0.566797 0.45625 0.0226563 0.0402778
7 0.325391 0.446528 0.0257812 0.0291667
7 0.347266 0.453472 0.0289063 0.0263889
7 0.373047 0.445833 0.0226563 0.025
2 0.628516 0.390972 0.0273438 0.0263889
7 0.253906 0.446528 0.0359375 0.0347222
7 0.664062 0.445833 0.0234375 0.0305556
2 0.733984 0.202083 0.0335938 0.0236111
7 0.98125 0.501389 0.0375 0.208333
7 0.518359 0.452083 0.0257812 0.0347222
7 0.0320312 0.493056 0.0640625 0.05
7 0.635547 0.461111 0.0382813 0.0472222
7 0.592578 0.464583 0.0476562 0.0680556
7 0.159375 0.452083 0.129688 0.0986111
2 0.697266 0.264583 0.108594 0.104167
