7 0.246094 0.570139 0.021875 0.0347222
1 0.419141 0.495139 0.00703125 0.0208333
2 0.158984 0.454861 0.0179687 0.0125
2 0.517578 0.421528 0.0226563 0.0291667
7 0.342578 0.555556 0.0210938 0.0333333
1 0.337891 0.497917 0.00859375 0.0236111
1 0.199219 0.404167 0.0078125 0.0361111
1 0.444922 0.405556 0.00859375 0.0305556
1 0.188672 0.403472 0.0117188 0.0375
1 0.453516 0.405556 0.0101562 0.0333333
7 0.325 0.555556 0.0265625 0.0416667
7 0.290234 0.5625 0.0507812 0.0583333
7 0.448438 0.555556 0.053125 0.0944444
7 0.174219 0.570139 0.126563 0.1375
7 0.388672 0.573611 0.0914062 0.133333
0 0.683594 0.491667 0.367188 0.377778
