1 0.508984 0.38125 0.00546875 0.0152778
7 0.522266 0.4125 0.0101562 0.0166667
7 0.455859 0.409722 0.0117188 0.0194444
7 0.414062 0.422917 0.0125 0.0263889
7 0.465625 0.407639 0.0125 0.0152778
7 0.423047 0.421528 0.0132813 0.0236111
7 0.513672 0.408333 0.0117188 0.0166667
7 0.526172 0.413194 0.0117188 0.0180556
7 0.385938 0.420139 0.0328125 0.0458333
7 0.573828 0.431944 0.0179687 0.0472222
7 0.407813 0.422917 0.0203125 0.0291667
7 0.496875 0.408333 0.0125 0.0194444
7 0.2125 0.422222 0.0609375 0.0583333
1 0.426172 0.333333 0.00859375 0.0277778
2 0.656641 0.345139 0.0117188 0.0347222
7 0.535156 0.417361 0.0125 0.0263889
1 0.533203 0.33125 0.00859375 0.0319444
2 0.664844 0.295833 0.0203125 0.0138889
2 0.666016 0.318056 0.0242187 0.0138889
7 0.563672 0.43125 0.0195312 0.0402778
7 0.255078 0.423611 0.0539063 0.05
5 0.439844 0.403472 0.028125 0.0569444
7 0.547266 0.422222 0.0226563 0.0361111
7 0.601953 0.422917 0.0539063 0.0875
7 0.614844 0.445139 0.05 0.0736111
7 0.635547 0.456944 0.0507812 0.0833333
7 0.359766 0.43125 0.0382813 0.0430556
7 0.310547 0.433333 0.0601562 0.0555556
7 0.0285156 0.43125 0.0570313 0.0819444
7 0.876953 0.524306 0.246094 0.340278
7 0.689062 0.470139 0.103125 0.109722
