2 0.505078 0.425694 0.0148437 0.0125
7 0.465234 0.432639 0.0117188 0.0152778
7 0.545313 0.479861 0.0296875 0.0180556
2 0.488281 0.429861 0.0078125 0.0180556
7 0.415625 0.477083 0.0140625 0.0263889
7 0.467187 0.447222 0.0125 0.0194444
7 0.421484 0.473611 0.0148437 0.025
2 0.512109 0.440972 0.0195312 0.0152778
7 0.4375 0.447222 0.0125 0.0194444
7 0.410156 0.477083 0.015625 0.0291667
7 0.403906 0.48125 0.0171875 0.0291667
7 0.433203 0.468056 0.0132813 0.0222222
7 0.475391 0.495139 0.0179687 0.0347222
7 0.371484 0.494444 0.0226563 0.0361111
7 0.392969 0.486111 0.01875 0.0333333
2 0.712109 0.325 0.0257812 0.0722222
7 0.384766 0.491667 0.0164062 0.0333333
7 0.359766 0.505556 0.0273438 0.0472222
7 0.966016 0.763194 0.0679687 0.390278
7 0.488281 0.515972 0.0359375 0.0763889
2 0.115234 0.2625 0.0226563 0.0333333
7 0.503906 0.525 0.0421875 0.0833333
7 0.341016 0.515278 0.0429688 0.0555556
7 0.533594 0.535417 0.0546875 0.104167
7 0.598047 0.552083 0.125781 0.1375
