7 0.5375 0.667361 0.0109375 0.0180556
1 0.540625 0.592361 0.0078125 0.0236111
7 0.469922 0.6875 0.0289063 0.0333333
7 0.516406 0.668056 0.009375 0.0138889
7 0.508203 0.670833 0.0117188 0.0166667
1 0.470313 0.606944 0.0078125 0.0194444
7 0.541406 0.670833 0.0125 0.0194444
7 0.503516 0.672917 0.0117188 0.0180556
7 0.497266 0.675 0.0148437 0.0222222
7 0.548828 0.677083 0.0117188 0.0208333
2 0.404687 0.622917 0.0109375 0.0152778
7 0.582422 0.691667 0.0179687 0.0555556
1 0.544531 0.59375 0.0078125 0.0236111
7 0.588281 0.688889 0.021875 0.0694444
7 0.492188 0.677778 0.015625 0.025
7 0.461719 0.690972 0.015625 0.0430556
7 0.573438 0.689583 0.01875 0.0458333
7 0.558984 0.68125 0.0179687 0.0263889
7 0.0476562 0.714583 0.0953125 0.245833
2 0.719922 0.515278 0.0195312 0.0361111
7 0.477344 0.685417 0.021875 0.0263889
7 0.432813 0.699306 0.0265625 0.0569444
7 0.447656 0.69375 0.025 0.0513889
2 0.161719 0.541667 0.028125 0.0305556
7 0.408594 0.698611 0.04375 0.0805556
7 0.613672 0.690972 0.0554687 0.0847222
7 0.372266 0.703472 0.0742188 0.101389
7 0.641016 0.706944 0.0789063 0.0944444
7 0.308984 0.729167 0.116406 0.127778
