2 0.890234 0.455556 0.0179687 0.0277778
2 0.889844 0.433333 0.015625 0.025
7 0.0558594 0.489583 0.0257812 0.0236111
7 0.203906 0.477778 0.03125 0.0222222
7 0.0925781 0.484028 0.0351562 0.0263889
7 0.474609 0.465278 0.0210938 0.0277778
7 0.494141 0.463889 0.0148437 0.0333333
7 0.507031 0.4625 0.01875 0.0611111
7 0.135547 0.477083 0.0789063 0.0375
2 0.496484 0.399306 0.0289063 0.0291667
7 0.0257812 0.486806 0.0515625 0.0375
7 0.241406 0.489583 0.0640625 0.0736111
7 0.599219 0.458333 0.182812 0.408333
5 0.359375 0.401389 0.217187 0.302778
