2 0.230469 0.60625 0.015625 0.0375
2 0.628516 0.599306 0.0179687 0.0152778
2 0.973437 0.550694 0.053125 0.0708333
2 0.912109 0.481944 0.0695312 0.227778
1 0.578125 0.605556 0.0078125 0.025
1 0.614062 0.592361 0.009375 0.0319444
7 0.601172 0.704861 0.0164062 0.0375
7 0.577344 0.696528 0.021875 0.0430556
7 0.869141 0.701389 0.0585938 0.0583333
7 0.619141 0.717361 0.0398437 0.0708333
7 0.933594 0.748611 0.132812 0.211111
5 0.706641 0.625694 0.116406 0.118056
7 0.658594 0.734028 0.0703125 0.109722
7 0.508984 0.759722 0.142969 0.244444
7 0.774219 0.779167 0.223438 0.255556
