3 0.310547 0.515278 0.00859375 0.0277778
2 0.128516 0.0944444 0.00859375 0.0166667
7 0.426953 0.500694 0.00859375 0.0125
2 0.544922 0.450694 0.0148437 0.0125
7 0.415234 0.500694 0.00859375 0.0125
3 0.250391 0.516667 0.00859375 0.0361111
2 0.1625 0.503472 0.034375 0.0375
7 0.398438 0.502083 0.009375 0.0152778
7 0.449219 0.502778 0.0125 0.0194444
7 0.467187 0.505556 0.0140625 0.025
1 0.0445312 0.434722 0.0140625 0.0472222
1 0.600391 0.358333 0.0101562 0.05
7 0.890234 0.489583 0.119531 0.0930556
7 0.485547 0.506944 0.0257812 0.0305556
1 0.659375 0.404861 0.0109375 0.0375
1 0.638672 0.40625 0.0101562 0.0402778
7 0.810156 0.492361 0.103125 0.0819444
2 0.501953 0.455556 0.0148437 0.0277778
2 0.478906 0.380556 0.0265625 0.0166667
2 0.582422 0.282639 0.0132813 0.0319444
1 0.527734 0.420139 0.0117188 0.0430556
2 0.604688 0.397917 0.0203125 0.0319444
1 0.548047 0.265972 0.0132813 0.0486111
1 0.445703 0.347222 0.0117188 0.0416667
1 0.341016 0.338194 0.0117188 0.0430556
2 0.358594 0.3375 0.015625 0.025
1 0.617188 0.353472 0.01875 0.0708333
2 0.084375 0.134722 0.028125 0.0472222
1 0.130078 0.148611 0.0273438 0.0972222
