7 0.239063 0.516667 0.0125 0.0194444
3 0.5875 0.516667 0.0125 0.0444444
1 0.249219 0.443056 0.00625 0.0222222
3 0.577344 0.523611 0.0125 0.05
3 0.566797 0.515278 0.0101562 0.05
1 0.209375 0.453472 0.00625 0.0208333
5 0.339063 0.520833 0.06875 0.0527778
7 0.251953 0.520139 0.0195312 0.0347222
7 0.155469 0.529861 0.0265625 0.0513889
3 0.556641 0.517361 0.0132813 0.0597222
3 0.533984 0.520833 0.0164062 0.0583333
7 0.223438 0.525 0.028125 0.0361111
2 0.557422 0.0805556 0.0367187 0.0638889
2 0.348437 0.0472222 0.04375 0.0722222
2 0.136719 0.0277778 0.053125 0.0555556
0 0.80625 0.411111 0.385938 0.722222
7 0.173828 0.544444 0.0539063 0.075
7 0.498047 0.550694 0.0617188 0.0930556
7 0.278125 0.546528 0.0546875 0.0736111
7 0.385547 0.552083 0.0757812 0.0847222
