7 0.421484 0.393056 0.0164062 0.0527778
2 0.319922 0.314583 0.0210938 0.0347222
2 0.599219 0.29375 0.025 0.0152778
1 0.591797 0.257639 0.0132813 0.0597222
1 0.590234 0.313194 0.0132813 0.0236111
7 0.334766 0.397222 0.0164062 0.0333333
7 0.433594 0.395139 0.01875 0.0513889
2 0.504687 0.168056 0.040625 0.0305556
1 0.39375 0.102083 0.0171875 0.0680556
2 0.202734 0.269444 0.0242187 0.0388889
7 0.798437 0.418056 0.110937 0.0944444
7 0.379297 0.383333 0.0804688 0.125
7 0.871094 0.429861 0.1625 0.118056
