2 0.460547 0.398611 0.0101562 0.0194444
7 0.375391 0.425694 0.0257812 0.0180556
1 0.367969 0.36875 0.00625 0.0208333
1 0.225781 0.352083 0.0078125 0.0236111
2 0.492578 0.379167 0.00859375 0.0194444
1 0.426172 0.360417 0.00703125 0.0208333
7 0.457812 0.454167 0.0171875 0.0444444
2 0.530078 0.3625 0.0117188 0.0222222
2 0.349219 0.371528 0.021875 0.0125
7 0.417578 0.419444 0.0398437 0.0166667
2 0.443359 0.36875 0.0242187 0.0125
7 0.347266 0.431944 0.0242187 0.0388889
7 0.470703 0.459722 0.0289063 0.0583333
7 0.487891 0.464583 0.0320312 0.0708333
2 0.834766 0.270139 0.0398437 0.0652778
7 0.364453 0.451389 0.0335938 0.0527778
2 0.578125 0.35 0.0265625 0.0555556
7 0.508984 0.468056 0.0367187 0.0916667
7 0.319922 0.439583 0.0351562 0.0541667
7 0.273828 0.447222 0.0492188 0.075
2 0.827344 0.105556 0.0625 0.113889
7 0.6 0.513194 0.104687 0.131944
7 0.557813 0.471528 0.0984375 0.131944
7 0.412109 0.489583 0.0960938 0.1375
7 0.194141 0.463889 0.130469 0.152778
7 0.775391 0.53125 0.300781 0.320833
