2 0.370703 0.563889 0.0132813 0.0277778
7 0.535937 0.550694 0.0234375 0.0152778
2 0.278516 0.534722 0.0148437 0.0444444
2 0.40625 0.569444 0.0171875 0.0111111
7 0.439453 0.54375 0.0257812 0.0152778
7 0.498828 0.597917 0.0101562 0.0152778
2 0.591406 0.544444 0.01875 0.0166667
7 0.397656 0.585417 0.01875 0.0180556
7 0.510156 0.600694 0.0109375 0.0180556
7 0.592188 0.604861 0.0125 0.0180556
7 0.307422 0.572917 0.0523437 0.0291667
7 0.021875 0.509722 0.04375 0.119444
2 0.03125 0.468056 0.0375 0.0833333
7 0.139453 0.563889 0.0460938 0.0305556
2 0.570312 0.540972 0.0234375 0.0263889
7 0.806641 0.620139 0.0492188 0.0430556
7 0.561328 0.606944 0.0273438 0.0416667
7 0.528906 0.609722 0.034375 0.0555556
7 0.619922 0.618056 0.0570313 0.0777778
