7 0.250391 0.390278 0.0101562 0.0166667
7 0.712891 0.386111 0.0257812 0.0361111
7 0.381641 0.39375 0.0132813 0.0152778
7 0.328516 0.396528 0.0117188 0.0125
7 0.689844 0.386111 0.025 0.0277778
7 0.364453 0.396528 0.0101562 0.0152778
7 0.199609 0.395833 0.0148437 0.0194444
7 0.157422 0.40625 0.0101562 0.0208333
7 0.314453 0.398611 0.0117188 0.0166667
7 0.219141 0.397917 0.0242187 0.0208333
7 0.655859 0.390278 0.0304688 0.0277778
5 0.0472656 0.327083 0.0945313 0.654167
5 0.408594 0.382639 0.0234375 0.0458333
7 0.188281 0.411111 0.021875 0.0194444
7 0.211719 0.409028 0.025 0.0208333
2 0.496094 0.354861 0.0125 0.0263889
7 0.342187 0.398611 0.0109375 0.0166667
7 0.353125 0.400694 0.0125 0.0180556
7 0.954687 0.375694 0.0296875 0.0319444
7 0.983984 0.379167 0.0320312 0.0472222
7 0.45 0.410417 0.03125 0.0513889
7 0.133203 0.408333 0.0507812 0.0333333
7 0.096875 0.444444 0.040625 0.0833333
7 0.291797 0.410417 0.0476562 0.0680556
7 0.421094 0.425694 0.0546875 0.0736111
