2 0.311719 0.427778 0.0109375 0.0222222
2 0.291797 0.373611 0.0132813 0.0305556
2 0.380859 0.409722 0.0320312 0.0361111
7 0.224219 0.478472 0.0140625 0.0319444
7 0.135547 0.473611 0.0132813 0.0166667
0 0.852344 0.363194 0.295312 0.726389
7 0.101953 0.474306 0.0148437 0.0208333
1 0.364453 0.352778 0.00859375 0.0305556
7 0.123828 0.472917 0.0148437 0.0208333
2 0.494531 0.402778 0.028125 0.0555556
7 0.211328 0.475 0.0226563 0.0333333
7 0.341797 0.470139 0.0367187 0.0375
1 0.284766 0.326389 0.0101562 0.0388889
7 0.286328 0.484028 0.0164062 0.0375
7 0.118359 0.504167 0.0289063 0.0416667
7 0.253516 0.493056 0.0632813 0.0888889
