1 0.640234 0.464583 0.00859375 0.0291667
2 0.687891 0.402083 0.0164062 0.0263889
1 0.565234 0.468056 0.00859375 0.025
3 0.780078 0.525694 0.0148437 0.0708333
1 0.560938 0.467361 0.0078125 0.0236111
1 0.276172 0.479861 0.00859375 0.0291667
2 0.130078 0.500694 0.0148437 0.0263889
7 0.220703 0.55625 0.0320312 0.0347222
7 0.309375 0.536806 0.053125 0.0402778
7 0.254687 0.559722 0.0703125 0.0388889
7 0.565625 0.521528 0.0546875 0.0375
5 0.436719 0.588194 0.214062 0.329167
7 0.637109 0.555556 0.0679687 0.0861111
7 0.596094 0.558333 0.0359375 0.0611111
7 0.744922 0.525694 0.0632813 0.0763889
7 0.0390625 0.625 0.078125 0.172222
7 0.0785156 0.598611 0.0914062 0.105556
7 0.16875 0.5875 0.0921875 0.0833333
7 0.903125 0.598611 0.19375 0.225
