2 0.776563 0.488194 0.0125 0.0180556
2 0.757812 0.520833 0.015625 0.0138889
7 0.653516 0.545833 0.0132813 0.0194444
2 0.513281 0.496528 0.0140625 0.0125
1 0.827344 0.53125 0.0171875 0.0236111
7 0.670313 0.557639 0.0125 0.0263889
7 0.615625 0.544444 0.0125 0.0194444
7 0.659766 0.55 0.0132813 0.0194444
1 0.580469 0.442361 0.0078125 0.0263889
1 0.589063 0.441667 0.0078125 0.025
7 0.638281 0.546528 0.0125 0.0180556
2 0.826172 0.476389 0.0210938 0.0138889
3 0.610547 0.565972 0.0101562 0.0430556
1 0.701172 0.4375 0.00859375 0.0305556
1 0.710156 0.436806 0.0078125 0.0291667
2 0.812891 0.49375 0.0210938 0.0152778
2 0.757422 0.499306 0.0242187 0.0402778
7 0.683984 0.561806 0.0242187 0.0375
7 0.554297 0.586111 0.0289063 0.0916667
2 0.314063 0.327778 0.0234375 0.0416667
7 0.594922 0.556944 0.0273438 0.0416667
3 0.198437 0.610417 0.04375 0.198611
7 0.708984 0.586111 0.0320312 0.0666667
7 0.742969 0.597222 0.0671875 0.0888889
2 0.320312 0.240972 0.0703125 0.126389
7 0.515625 0.595833 0.0875 0.122222
7 0.862891 0.647917 0.174219 0.195833
7 0.354297 0.660417 0.241406 0.304167
