7 0.409766 0.479861 0.0101562 0.0236111
1 0.541406 0.447917 0.0125 0.0208333
1 0.208594 0.413889 0.0171875 0.025
1 0.324609 0.344444 0.00859375 0.0333333
1 0.274219 0.438194 0.0140625 0.0208333
7 0.781641 0.511111 0.102344 0.1
1 0.471484 0.375 0.00703125 0.0277778
2 0.548828 0.429167 0.0179687 0.0138889
2 0.190234 0.4 0.0226563 0.0416667
1 0.478516 0.375694 0.00703125 0.0291667
1 0.332812 0.345833 0.009375 0.0361111
7 0.353516 0.481944 0.0117188 0.0305556
2 0.511328 0.388889 0.0304688 0.0166667
2 0.274609 0.34375 0.0382813 0.0208333
7 0.960938 0.598611 0.078125 0.386111
7 0.363281 0.480556 0.0140625 0.025
7 0.660937 0.505556 0.021875 0.05
7 0.399219 0.480556 0.01875 0.0305556
7 0.341797 0.483333 0.0179687 0.0388889
7 0.380859 0.480556 0.0226563 0.0361111
7 0.433984 0.490278 0.0289063 0.0416667
2 0.748438 0.282639 0.034375 0.0902778
7 0.126172 0.483333 0.0835937 0.0444444
7 0.320312 0.485417 0.0359375 0.0486111
7 0.501562 0.55 0.140625 0.2
