7 0.762109 0.182639 0.0179687 0.0291667
7 0.892969 0.180556 0.0390625 0.0305556
7 0.976172 0.177778 0.0476562 0.0888889
7 0.728516 0.188889 0.0664062 0.0361111
7 0.667578 0.192361 0.0539063 0.0375
7 0.332812 0.198611 0.040625 0.0472222
7 0.85 0.18125 0.0375 0.0375
7 0.453906 0.201389 0.0484375 0.0583333
7 0.439453 0.196528 0.0398437 0.0625
7 0.553906 0.192361 0.0390625 0.0513889
7 0.611328 0.195833 0.0429688 0.0444444
7 0.528906 0.199306 0.0546875 0.0513889
7 0.510156 0.18125 0.0515625 0.0541667
5 0.1875 0.154861 0.117188 0.120833
