7 0.464453 0.423611 0.0164062 0.0305556
3 0.735547 0.413194 0.0164062 0.0763889
7 0.540625 0.413194 0.0109375 0.0180556
2 0.669141 0.311806 0.0117188 0.0208333
3 0.906641 0.438194 0.0367187 0.0986111
1 0.432031 0.361111 0.009375 0.0388889
1 0.481641 0.382639 0.00859375 0.0236111
2 0.440625 0.33125 0.009375 0.0180556
7 0.478906 0.427778 0.015625 0.0305556
1 0.442578 0.3625 0.0101562 0.0416667
3 0.951563 0.440278 0.03125 0.0861111
3 0.721484 0.415972 0.0210938 0.0847222
2 0.883594 0.232639 0.0296875 0.0597222
7 0.563281 0.424306 0.0203125 0.0319444
3 0.808594 0.417361 0.021875 0.115278
7 0.455469 0.438194 0.025 0.0319444
3 0.773047 0.41875 0.0242187 0.126389
3 0.848828 0.413889 0.0257812 0.144444
