2 0.339844 0.371528 0.015625 0.0125
3 0.0933594 0.432639 0.0257812 0.0875
1 0.364453 0.372222 0.0132813 0.0194444
3 0.170703 0.424306 0.0164062 0.0458333
1 0.275781 0.322917 0.0078125 0.0236111
1 0.102734 0.33125 0.00703125 0.0236111
2 0.423828 0.310417 0.0179687 0.0486111
7 0.214062 0.428472 0.059375 0.0930556
3 0.0679687 0.417361 0.025 0.0763889
7 0.404687 0.429861 0.028125 0.0347222
2 0.445703 0.340278 0.0351562 0.0611111
7 0.278516 0.4375 0.0257812 0.0527778
7 0.314063 0.435417 0.0546875 0.101389
