2 0.488281 0.515278 0.015625 0.0222222
7 0.489844 0.536806 0.015625 0.0347222
7 0.414844 0.531944 0.0140625 0.0361111
7 0.504297 0.526389 0.0179687 0.05
2 0.456641 0.324306 0.0617188 0.0263889
2 0.551953 0.324306 0.0398437 0.0263889
2 0.598437 0.382639 0.0234375 0.0541667
7 0.521094 0.530556 0.0328125 0.0555556
7 0.159375 0.532639 0.0578125 0.0513889
2 0.457031 0.373611 0.075 0.0722222
7 0.0261719 0.547917 0.0523437 0.0597222
2 0.540625 0.372917 0.0734375 0.0708333
7 0.553125 0.536806 0.05 0.0791667
2 0.392188 0.358333 0.0421875 0.102778
7 0.363281 0.536111 0.0625 0.0888889
7 0.447266 0.554861 0.0757812 0.104167
7 0.598047 0.549306 0.0695312 0.101389
7 0.693359 0.576389 0.155469 0.166667
