2 0.507812 0.360417 0.0125 0.0263889
2 0.326172 0.0402778 0.0820312 0.0805556
7 0.835938 0.527778 0.0578125 0.0805556
2 0.63125 0.457639 0.0109375 0.0291667
1 0.692578 0.427083 0.0132813 0.0513889
2 0.498437 0.402778 0.01875 0.0527778
7 0.91875 0.565278 0.0703125 0.158333
4 0.771484 0.711806 0.0929687 0.323611
1 0.609375 0.35625 0.009375 0.0347222
7 0.862109 0.557639 0.0867188 0.1375
7 0.701563 0.54375 0.107813 0.193056
3 0.437891 0.484722 0.0226563 0.0944444
8 0.766797 0.585417 0.105469 0.415278
7 0.575391 0.565278 0.122656 0.186111
2 0.325391 0.102778 0.0898438 0.205556
