7 0.916797 0.486806 0.0148437 0.0208333
7 0.951953 0.4875 0.0132813 0.0222222
7 0.866406 0.485417 0.0328125 0.0263889
7 0.933203 0.488194 0.0148437 0.0236111
7 0.497266 0.510417 0.0195312 0.0375
7 0.838281 0.492361 0.0234375 0.0236111
7 0.966797 0.49375 0.0242187 0.0291667
7 0.617188 0.513889 0.040625 0.0388889
7 0.648438 0.521528 0.0453125 0.0458333
7 0.678906 0.517361 0.03125 0.0402778
7 0.578516 0.523611 0.0445312 0.0638889
7 0.760547 0.507639 0.0476562 0.0513889
0 0.20625 0.447222 0.4125 0.430556
7 0.526172 0.528472 0.0757812 0.0791667
