2 0.669922 0.436111 0.0132813 0.0444444
3 0.60625 0.555556 0.0234375 0.102778
1 0.328906 0.46875 0.015625 0.0291667
1 0.0234375 0.391667 0.0265625 0.0555556
5 0.490625 0.501389 0.0421875 0.05
7 0.0324219 0.55 0.0523437 0.113889
7 0.537109 0.533333 0.0257812 0.0416667
1 0.414453 0.145139 0.0195312 0.0930556
3 0.871094 0.529861 0.0328125 0.106944
7 0.455859 0.545139 0.0242187 0.0597222
1 0.567969 0.191667 0.01875 0.0805556
7 0.573438 0.5375 0.0328125 0.0472222
1 0.546484 0.19375 0.0210938 0.0791667
1 0.392188 0.149306 0.0234375 0.0875
7 0.425 0.551389 0.053125 0.0805556
7 0.0882813 0.565972 0.104687 0.0958333
7 0.499219 0.547917 0.059375 0.0791667
7 0.653125 0.553472 0.08125 0.129167
2 0.752734 0.435417 0.0523437 0.0930556
7 0.903906 0.701389 0.192188 0.597222
