2 0.991406 0.075 0.0171875 0.111111
7 0.682422 0.352083 0.0132813 0.0263889
5 0.605469 0.327778 0.0203125 0.0333333
7 0.507422 0.375694 0.0242187 0.0458333
7 0.589844 0.348611 0.0125 0.0277778
7 0.526563 0.352083 0.0171875 0.0291667
7 0.575781 0.345833 0.0203125 0.0305556
2 0.581641 0.288889 0.0242187 0.0138889
2 0.664453 0.288889 0.0226563 0.0138889
7 0.628906 0.345833 0.0140625 0.0194444
7 0.832031 0.304861 0.034375 0.0347222
7 0.675781 0.340278 0.0265625 0.025
7 0.646094 0.354167 0.0234375 0.0333333
7 0.608984 0.355556 0.0226563 0.0333333
7 0.852734 0.361806 0.0460938 0.0958333
7 0.957031 0.371528 0.084375 0.170833
7 0.702734 0.351389 0.0398437 0.0555556
7 0.564453 0.370833 0.0429688 0.0527778
7 0.326562 0.401389 0.084375 0.102778
7 0.898438 0.368056 0.104687 0.127778
7 0.433203 0.388889 0.139844 0.205556
7 0.151172 0.494444 0.302344 0.475
7 0.782422 0.364583 0.111719 0.143056
