7 0.51875 0.572222 0.0234375 0.0527778
5 0.303125 0.576389 0.084375 0.125
7 0.303125 0.577083 0.0828125 0.123611
2 0.678125 0.485417 0.03125 0.0236111
3 0.142578 0.574306 0.0289063 0.0652778
7 0.355078 0.556944 0.0414063 0.0805556
7 0.510156 0.563889 0.028125 0.05
7 0.348828 0.578472 0.0335938 0.0763889
2 0.678516 0.44375 0.0320312 0.0541667
7 0.424609 0.579861 0.110156 0.206944
7 0.548437 0.575694 0.0578125 0.0847222
7 0.234766 0.604861 0.122656 0.134722
7 0.620703 0.627778 0.117969 0.141667
7 0.867188 0.761806 0.265625 0.468056
7 0.0910156 0.670833 0.182031 0.288889
7 0.7375 0.683333 0.2 0.230556
