7 0.433594 0.632639 0.0109375 0.0125
2 0.284375 0.505556 0.05 0.0638889
7 0.633203 0.638194 0.0117188 0.0208333
7 0.565234 0.640278 0.0101562 0.025
7 0.459375 0.625694 0.0125 0.0152778
7 0.58125 0.515278 0.0203125 0.0111111
5 0.730859 0.616667 0.0617188 0.108333
7 0.382812 0.645833 0.015625 0.0138889
7 0.622266 0.639583 0.0132813 0.0236111
7 0.573438 0.643056 0.0203125 0.0277778
7 0.645703 0.642361 0.0195312 0.0291667
7 0.602734 0.650694 0.0382813 0.0569444
7 0.713672 0.652778 0.0601562 0.0694444
2 0.866797 0.334028 0.178906 0.148611
7 0.895312 0.692361 0.209375 0.329167
