7 0.385156 0.475 0.0171875 0.0166667
7 0.429297 0.479861 0.0195312 0.0180556
7 0.507422 0.488194 0.0117188 0.0208333
7 0.365625 0.476389 0.025 0.0166667
7 0.411328 0.474306 0.0195312 0.0236111
7 0.532031 0.495139 0.015625 0.0347222
7 0.448047 0.483333 0.0179687 0.025
2 0.803516 0.439583 0.0273438 0.0430556
7 0.492969 0.490972 0.01875 0.0236111
7 0.403906 0.484028 0.025 0.0236111
7 0.517187 0.497917 0.021875 0.0319444
7 0.330859 0.484028 0.0273438 0.0430556
7 0.248047 0.469444 0.0460938 0.0444444
7 0.468359 0.495139 0.0289063 0.0430556
7 0.292188 0.484028 0.059375 0.0625
7 0.702344 0.564583 0.115625 0.120833
7 0.586328 0.552083 0.122656 0.176389
