7 0.433594 0.136111 0.028125 0.0138889
3 0.678125 0.166667 0.0140625 0.0388889
0 0.408984 0.131944 0.0289063 0.0333333
7 0.389844 0.161111 0.0140625 0.0305556
3 0.651953 0.173611 0.0148437 0.0555556
7 0.378516 0.165278 0.0195312 0.0527778
7 0.185937 0.184028 0.065625 0.129167
7 0.793359 0.321528 0.413281 0.573611
7 0.544922 0.225 0.192969 0.269444
7 0.427344 0.209028 0.0796875 0.143056
0 0.528516 0.0965278 0.166406 0.170833
7 0.111719 0.299306 0.223438 0.5625
0 0.289453 0.145139 0.172656 0.290278
