7 0.528906 0.402778 0.015625 0.0388889
7 0.528516 0.380556 0.0210938 0.0305556
2 0.627344 0.305556 0.0125 0.0333333
2 0.632422 0.273611 0.0164062 0.0166667
1 0.341797 0.246528 0.0101562 0.0375
1 0.484375 0.236806 0.009375 0.0375
2 0.576172 0.313194 0.0164062 0.0347222
7 0.330859 0.429167 0.0335938 0.0472222
7 0.548828 0.404861 0.0398437 0.0541667
7 0.760938 0.4 0.06875 0.0611111
5 0.157813 0.365278 0.315625 0.730556
5 0.488672 0.375694 0.0492188 0.1125
7 0.505078 0.4125 0.0398437 0.075
5 0.433203 0.355556 0.0617188 0.0916667
7 0.367188 0.4375 0.046875 0.0944444
7 0.423047 0.471528 0.111719 0.159722
7 0.883984 0.425 0.232031 0.244444
7 0.675781 0.488194 0.23125 0.256944
