3 0.416016 0.716667 0.0117188 0.025
2 0.768359 0.70625 0.00859375 0.0180556
3 0.321484 0.748611 0.0132813 0.0666667
8 0.776953 0.729861 0.0148437 0.0319444
7 0.766016 0.728472 0.0132813 0.0236111
1 0.770312 0.638194 0.0078125 0.0208333
6 0.777344 0.744444 0.0109375 0.0277778
2 0.894141 0.641667 0.0148437 0.0194444
2 0.786719 0.698611 0.009375 0.0194444
5 0.733203 0.717361 0.0195312 0.0263889
1 0.590234 0.679861 0.00859375 0.0208333
3 0.345703 0.751389 0.0132813 0.075
7 0.655469 0.73125 0.0234375 0.0263889
1 0.551562 0.664583 0.009375 0.0208333
2 0.550781 0.641667 0.015625 0.0138889
3 0.359766 0.748611 0.0117188 0.075
3 0.108594 0.761806 0.0296875 0.115278
7 0.752734 0.727778 0.0179687 0.025
5 0.863281 0.726389 0.121875 0.172222
8 0.282031 0.771528 0.0421875 0.151389
3 0.154687 0.753472 0.0203125 0.115278
7 0.557031 0.733333 0.075 0.102778
3 0.333984 0.749306 0.0179687 0.0847222
3 0.135937 0.774306 0.0296875 0.134722
5 0.682813 0.714583 0.0296875 0.0625
4 0.283594 0.820833 0.046875 0.108333
7 0.617969 0.734722 0.0390625 0.0611111
7 0.515234 0.751389 0.0867188 0.105556
7 0.434766 0.7875 0.135156 0.136111
