7 0.577734 0.520139 0.0132813 0.0236111
7 0.636719 0.516667 0.028125 0.0194444
2 0.205078 0.452083 0.0257812 0.0152778
7 0.732813 0.528472 0.0265625 0.0208333
7 0.130469 0.545139 0.0234375 0.0375
7 0.260547 0.531944 0.0117188 0.0222222
2 0.251953 0.456944 0.0242187 0.0138889
7 0.628906 0.526389 0.0203125 0.0222222
7 0.401172 0.508333 0.0164062 0.0305556
7 0.603516 0.519444 0.0273438 0.0222222
7 0.651563 0.530556 0.025 0.0194444
7 0.188672 0.541667 0.0164062 0.0277778
0 0.465625 0.5125 0.0515625 0.0888889
7 0.245312 0.540972 0.0171875 0.0236111
7 0.145313 0.539583 0.0171875 0.0263889
2 0.246875 0.475 0.034375 0.0305556
7 0.0671875 0.533333 0.0234375 0.0194444
7 0.0078125 0.529861 0.015625 0.0180556
7 0.704297 0.534028 0.0257812 0.0236111
5 0.672266 0.520833 0.0414063 0.0388889
2 0.205078 0.471528 0.0429688 0.0347222
7 0.227734 0.546528 0.0210938 0.0291667
7 0.43125 0.5125 0.01875 0.0277778
2 0.416406 0.4125 0.028125 0.0472222
7 0.163281 0.552083 0.034375 0.0402778
7 0.608594 0.552778 0.0546875 0.0527778
7 0.108984 0.554167 0.0507812 0.0527778
7 0.0347656 0.540972 0.0507812 0.0513889
7 0.521484 0.5875 0.149219 0.208333
