7 0.396484 0.389583 0.0148437 0.0375
7 0.453516 0.379167 0.0117188 0.0305556
7 0.377734 0.397917 0.0179687 0.0541667
7 0.478125 0.395139 0.0203125 0.0569444
7 0.458984 0.38125 0.0164062 0.0347222
7 0.802344 0.4125 0.121875 0.113889
7 0.467578 0.391667 0.0179687 0.0416667
7 0.384766 0.392361 0.0226563 0.0513889
7 0.413281 0.376389 0.0140625 0.0277778
7 0.403516 0.384722 0.0195312 0.0333333
7 0.507812 0.41875 0.0328125 0.0680556
3 0.0523437 0.429861 0.0421875 0.151389
3 0.0316406 0.432639 0.0257812 0.140278
2 0.798437 0.146528 0.0375 0.0458333
7 0.492188 0.401389 0.034375 0.0694444
7 0.358203 0.4 0.0414063 0.0666667
7 0.331641 0.420139 0.0648438 0.0680556
5 0.620703 0.445139 0.232031 0.284722
7 0.855078 0.538889 0.289844 0.313889
