7 0.922656 0.395139 0.0265625 0.0208333
7 0.773438 0.413194 0.01875 0.0208333
7 0.903125 0.409028 0.03125 0.0375
7 0.878125 0.425694 0.034375 0.0430556
7 0.214844 0.391667 0.0125 0.0166667
2 0.528125 0.376389 0.0125 0.0166667
7 0.752344 0.414583 0.025 0.0208333
7 0.857031 0.422222 0.05 0.0527778
7 0.973437 0.415278 0.034375 0.0638889
7 0.796094 0.425 0.034375 0.0416667
7 0.161328 0.431944 0.0304688 0.0277778
7 0.935938 0.427778 0.059375 0.0638889
2 0.528125 0.357639 0.0171875 0.0291667
2 0.277734 0.389583 0.0148437 0.0236111
2 0.075 0.4375 0.021875 0.0416667
7 0.194531 0.426389 0.04375 0.0305556
2 0.639453 0.102778 0.0320312 0.0388889
2 0.277344 0.339583 0.015625 0.0236111
2 0.166406 0.025 0.332812 0.05
2 0.527344 0.322222 0.01875 0.0416667
2 0.41875 0.360417 0.0203125 0.0291667
2 0.639453 0.0423611 0.0539063 0.0763889
7 0.476953 0.429861 0.0273438 0.0458333
7 0.0265625 0.421528 0.053125 0.0541667
7 0.298047 0.435417 0.0429688 0.0541667
2 0.427344 0.404861 0.0453125 0.0513889
2 0.640625 0.1875 0.0578125 0.130556
