7 0.187109 0.445139 0.0335938 0.0347222
7 0.383984 0.449306 0.0226563 0.0208333
7 0.476562 0.440278 0.009375 0.0138889
7 0.410547 0.446528 0.0132813 0.0180556
1 0.516797 0.390278 0.00546875 0.0222222
1 0.510938 0.390972 0.00625 0.0208333
1 0.457031 0.383333 0.00625 0.0194444
7 0.31875 0.450694 0.0390625 0.0319444
7 0.339063 0.447917 0.0359375 0.0291667
7 0.486328 0.449306 0.0117188 0.0180556
7 0.253516 0.444444 0.108594 0.0583333
7 0.135547 0.465972 0.138281 0.123611
7 0.0828125 0.472917 0.145313 0.154167
7 0.0355469 0.479167 0.0710938 0.208333
7 0.658203 0.488889 0.0570313 0.0694444
7 0.444531 0.470833 0.046875 0.0722222
7 0.710547 0.498611 0.0757812 0.0888889
