3 0.890234 0.456944 0.0273438 0.119444
3 0.841016 0.44375 0.0226563 0.0930556
3 0.248047 0.425694 0.0117188 0.0597222
3 0.301953 0.420139 0.0101562 0.0402778
1 0.455078 0.366667 0.00703125 0.0194444
3 0.257812 0.423611 0.0125 0.0666667
1 0.491797 0.366667 0.00703125 0.0222222
2 0.0347656 0.229861 0.0179687 0.0319444
2 0.0351562 0.186111 0.015625 0.05
7 0.449609 0.416667 0.0195312 0.0333333
3 0.991406 0.473611 0.0171875 0.183333
3 0.813672 0.438194 0.0179687 0.0819444
3 0.793359 0.438889 0.0179687 0.0861111
3 0.973047 0.472222 0.0367187 0.166667
1 0.104297 0.163194 0.0164062 0.0652778
7 0.482422 0.422917 0.0242187 0.0375
3 0.937891 0.463194 0.0445312 0.181944
7 0.113281 0.604861 0.226562 0.559722
7 0.729297 0.45 0.0679687 0.113889
7 0.412109 0.439583 0.0585938 0.0819444
7 0.596484 0.491667 0.232031 0.330556
