7 0.366797 0.433333 0.0164062 0.0305556
5 0.486719 0.389583 0.0578125 0.0541667
3 0.0105469 0.409722 0.0210938 0.125
1 0.460547 0.364583 0.00859375 0.0208333
2 0.621875 0.370139 0.0125 0.0180556
1 0.395312 0.35625 0.0078125 0.0236111
7 0.394141 0.441667 0.0148437 0.0333333
7 0.40625 0.442361 0.021875 0.0513889
3 0.713281 0.427778 0.0140625 0.0361111
1 0.361719 0.313194 0.0296875 0.0402778
7 0.564453 0.421528 0.0304688 0.0402778
2 0.621094 0.344444 0.0203125 0.0333333
3 0.19375 0.430556 0.025 0.138889
3 0.214062 0.429167 0.0234375 0.136111
7 0.430469 0.445833 0.0421875 0.0666667
7 0.596875 0.455556 0.0609375 0.0888889
7 0.650391 0.474306 0.103906 0.104167
7 0.50625 0.469444 0.132812 0.172222
7 0.820703 0.463889 0.247656 0.244444
