7 0.572656 0.620139 0.0109375 0.0430556
1 0.541797 0.511806 0.00859375 0.0236111
1 0.470703 0.524306 0.00703125 0.0236111
7 0.555859 0.610417 0.0148437 0.0291667
2 0.396875 0.547917 0.015625 0.0125
1 0.605859 0.565278 0.0132813 0.0194444
1 0.465234 0.523611 0.00703125 0.0222222
7 0.977734 0.73125 0.0445312 0.165278
7 0.5875 0.615972 0.0359375 0.0708333
2 0.574609 0.552778 0.0132813 0.0138889
7 0.435156 0.625 0.0171875 0.0444444
7 0.401172 0.630556 0.0289063 0.0555556
7 0.600391 0.626389 0.0382813 0.0805556
7 0.417188 0.625694 0.0296875 0.0513889
7 0.459375 0.618056 0.0234375 0.0333333
7 0.379687 0.635417 0.034375 0.0625
3 0.907812 0.611806 0.0390625 0.151389
7 0.624219 0.629861 0.0453125 0.0930556
7 0.034375 0.693056 0.06875 0.225
7 0.300781 0.650694 0.0625 0.0930556
7 0.346484 0.641667 0.0554687 0.075
7 0.516406 0.636806 0.0859375 0.123611
7 0.682422 0.636806 0.108594 0.126389
7 0.209766 0.658333 0.139844 0.158333
