2 0.319922 0.43125 0.0132813 0.0125
7 0.172266 0.475 0.0570313 0.0833333
2 0.0511719 0.413194 0.0226563 0.0236111
7 0.233594 0.477778 0.0140625 0.0222222
1 0.458594 0.322222 0.009375 0.0472222
7 0.280469 0.470139 0.0125 0.0180556
2 0.477734 0.356944 0.0273438 0.0166667
1 0.467187 0.321528 0.0109375 0.0486111
2 0.636719 0.299306 0.025 0.0458333
1 0.654688 0.297917 0.0125 0.0486111
2 0.635547 0.354861 0.0117188 0.0458333
7 0.267188 0.473611 0.015625 0.0194444
5 0.172656 0.474306 0.059375 0.0847222
7 0.251563 0.476389 0.01875 0.025
2 0.459375 0.274306 0.0203125 0.0430556
7 0.125781 0.495139 0.025 0.0375
1 0.269531 0.193056 0.0203125 0.0722222
7 0.0640625 0.501389 0.0390625 0.05
7 0.213672 0.482639 0.0304688 0.0402778
2 0.457031 0.195139 0.028125 0.0513889
2 0.3375 0.193056 0.0578125 0.0277778
7 0.0960938 0.495139 0.0421875 0.0513889
7 0.0261719 0.507639 0.0523437 0.0930556
