2 0.940234 0.303472 0.0132813 0.0513889
7 0.369141 0.448611 0.0117188 0.0166667
7 0.196484 0.485417 0.0179687 0.0291667
7 0.407422 0.447222 0.0148437 0.0305556
1 0.296875 0.371528 0.0078125 0.0263889
7 0.396094 0.448611 0.0125 0.0194444
7 0.209766 0.479861 0.0257812 0.0347222
7 0.415234 0.447917 0.0164062 0.0319444
7 0.421484 0.448611 0.0148437 0.0333333
7 0.182031 0.488194 0.0234375 0.0319444
1 0.413672 0.317361 0.00859375 0.0319444
2 0.153516 0.265972 0.0273438 0.0180556
2 0.472266 0.33125 0.0179687 0.0152778
1 0.0511719 0.302083 0.0148437 0.0430556
7 0.23125 0.479861 0.0171875 0.0236111
2 0.14375 0.293056 0.01875 0.0166667
2 0.535547 0.286111 0.0179687 0.0166667
1 0.405078 0.316667 0.00859375 0.0305556
3 0.0160156 0.509722 0.0164062 0.0583333
2 0.528906 0.311806 0.0234375 0.0180556
3 0.510156 0.43125 0.015625 0.0402778
7 0.382812 0.454861 0.0171875 0.0263889
2 0.855078 0.322222 0.0367187 0.0694444
7 0.359766 0.455556 0.0132813 0.0194444
2 0.790625 0.14375 0.028125 0.0402778
7 0.155469 0.491667 0.0234375 0.0388889
3 0.587109 0.422222 0.0226563 0.0777778
7 0.441016 0.448611 0.0335938 0.0416667
3 0.566016 0.424306 0.0242187 0.0736111
7 0.132422 0.501389 0.0414063 0.0416667
