7 0.401563 0.534028 0.0203125 0.0402778
7 0.505469 0.528472 0.0109375 0.0208333
7 0.982813 0.688889 0.034375 0.322222
7 0.513281 0.530556 0.0140625 0.0277778
2 0.846094 0.352083 0.0390625 0.0597222
7 0.434766 0.527083 0.0148437 0.0263889
7 0.526953 0.532639 0.0210938 0.0458333
7 0.452734 0.523611 0.0117188 0.0222222
7 0.533984 0.5375 0.0226563 0.0472222
7 0.441016 0.525 0.0148437 0.025
7 0.409375 0.532639 0.01875 0.0375
7 0.421484 0.528472 0.0195312 0.0347222
7 0.38125 0.531944 0.0296875 0.0527778
7 0.555078 0.538889 0.0289063 0.0638889
7 0.762109 0.558333 0.0976562 0.0972222
7 0.483203 0.529167 0.0242187 0.0416667
7 0.588672 0.545139 0.0632813 0.0902778
7 0.343359 0.530556 0.0570313 0.0777778
7 0.629687 0.567361 0.078125 0.0958333
7 0.269531 0.536806 0.101562 0.109722
7 0.715234 0.608333 0.157031 0.158333
7 0.096875 0.547917 0.192188 0.206944
