3 0.705859 0.660417 0.0226563 0.0652778
4 0.707031 0.661806 0.025 0.0680556
3 0.195703 0.636111 0.0101562 0.0333333
3 0.180078 0.633333 0.00859375 0.0277778
1 0.702734 0.55 0.0148437 0.025
2 0.655469 0.470833 0.028125 0.0222222
1 0.547656 0.514583 0.009375 0.0319444
1 0.130078 0.573611 0.0117188 0.025
3 0.703516 0.618056 0.0117188 0.0416667
1 0.717188 0.549306 0.0140625 0.0263889
7 0.475781 0.619444 0.0140625 0.0277778
3 0.222266 0.639583 0.00859375 0.0458333
3 0.208594 0.640278 0.0109375 0.05
2 0.654688 0.445139 0.0265625 0.0319444
1 0.525391 0.447917 0.0101562 0.0375
1 0.534766 0.449306 0.00859375 0.0347222
3 0.686328 0.640972 0.0164062 0.0791667
1 0.287109 0.469444 0.00859375 0.0333333
1 0.139844 0.480556 0.0125 0.0416667
1 0.698047 0.511111 0.0101562 0.0388889
7 0.640234 0.628472 0.0742188 0.0847222
3 0.241016 0.639583 0.0132813 0.0513889
1 0.576563 0.432639 0.0109375 0.0486111
3 0.671875 0.646528 0.015625 0.0736111
3 0.791797 0.636111 0.0179687 0.0861111
3 0.746875 0.643056 0.0171875 0.075
5 0.303125 0.620833 0.0640625 0.102778
3 0.722656 0.640972 0.025 0.0986111
7 0.498047 0.64375 0.0429688 0.0680556
7 0.0636719 0.75625 0.127344 0.348611
7 0.566406 0.677778 0.117188 0.136111
7 0.407422 0.677778 0.157031 0.25
