2 0.445312 0.438889 0.0203125 0.0111111
2 0.49375 0.440278 0.01875 0.0111111
7 0.461328 0.481944 0.0351562 0.0166667
7 0.582812 0.499306 0.0265625 0.0347222
7 0.519922 0.513889 0.0179687 0.0305556
2 0.440625 0.455556 0.03125 0.0277778
2 0.485156 0.45625 0.0390625 0.0263889
7 0.622656 0.496528 0.0546875 0.0486111
7 0.548437 0.516667 0.0484375 0.0694444
7 0.608203 0.547222 0.100781 0.108333
7 0.761719 0.524306 0.0890625 0.0902778
7 0.936719 0.538194 0.126563 0.156944
7 0.459375 0.595833 0.159375 0.222222
