7 0.335938 0.458333 0.0625 0.0333333
2 0.960938 0.23125 0.0359375 0.179167
2 0.928125 0.293056 0.01875 0.0527778
7 0.598828 0.514583 0.0242187 0.0458333
7 0.986719 0.513889 0.0265625 0.0638889
7 0.229687 0.527778 0.040625 0.0722222
7 0.932031 0.508333 0.10625 0.0861111
7 0.473047 0.523611 0.0648438 0.0916667
7 0.0394531 0.534028 0.0570313 0.0652778
7 0.631641 0.526389 0.0710938 0.0777778
7 0.117188 0.530556 0.1125 0.0916667
7 0.554297 0.555556 0.0992187 0.136111
7 0.309375 0.55 0.189063 0.183333
7 0.817187 0.577083 0.25625 0.281944
