7 0.415234 0.445139 0.0101562 0.0180556
1 0.551172 0.409028 0.00546875 0.0152778
7 0.423438 0.442361 0.0140625 0.0180556
2 0.519922 0.391667 0.0148437 0.0111111
1 0.462109 0.370139 0.00703125 0.0180556
7 0.401172 0.438889 0.0226563 0.0388889
1 0.497266 0.373611 0.00703125 0.0194444
1 0.401172 0.360417 0.00703125 0.0208333
2 0.357812 0.381944 0.021875 0.0111111
2 0.726953 0.374306 0.0148437 0.0319444
7 0.54375 0.447222 0.025 0.0388889
7 0.348047 0.45625 0.0414063 0.0486111
7 0.135937 0.479167 0.0578125 0.0611111
7 0.596094 0.451389 0.0515625 0.075
7 0.216406 0.471528 0.0671875 0.0680556
7 0.0621094 0.511806 0.124219 0.154167
7 0.482422 0.477083 0.114844 0.184722
7 0.725391 0.4875 0.144531 0.141667
