1 0.467578 0.325694 0.00703125 0.0319444
2 0.831641 0.247917 0.0242187 0.0430556
2 0.848047 0.301389 0.0164062 0.025
2 0.742969 0.385417 0.0140625 0.0125
1 0.468359 0.385417 0.00859375 0.0236111
1 0.455078 0.325694 0.00859375 0.0347222
2 0.34375 0.365278 0.0140625 0.0166667
1 0.463281 0.325694 0.0109375 0.0319444
1 0.674609 0.342361 0.00703125 0.0263889
1 0.680859 0.340278 0.00859375 0.0277778
1 0.342578 0.429167 0.0164062 0.025
7 0.732031 0.461806 0.0359375 0.0597222
7 0.627344 0.460417 0.025 0.0430556
7 0.775 0.45625 0.065625 0.0875
0 0.669141 0.427778 0.0648438 0.136111
7 0.586719 0.472222 0.0671875 0.108333
