7 0.339063 0.530556 0.0109375 0.0194444
7 0.376563 0.505556 0.0125 0.0277778
2 0.34375 0.439583 0.0125 0.0180556
7 0.377734 0.497917 0.0117188 0.0180556
7 0.330469 0.531944 0.0125 0.0194444
7 0.376172 0.514583 0.0132813 0.0152778
7 0.352344 0.520833 0.0125 0.0222222
7 0.344141 0.524306 0.0132813 0.0208333
7 0.402734 0.498611 0.0132813 0.0222222
7 0.408203 0.515278 0.0117188 0.0166667
7 0.396484 0.538194 0.0179687 0.0347222
7 0.40625 0.548611 0.0171875 0.0222222
7 0.323438 0.540972 0.015625 0.0208333
2 0.937109 0.357639 0.0289063 0.0347222
0 0.300781 0.532639 0.0328125 0.0486111
7 0.374219 0.540278 0.03125 0.0416667
7 0.450391 0.538194 0.0570313 0.0847222
