3 0.247266 0.514583 0.0132813 0.0597222
3 0.547656 0.51875 0.0109375 0.0541667
1 0.560938 0.45625 0.015625 0.0208333
2 0.550391 0.438889 0.0164062 0.0138889
7 0.0523437 0.495833 0.0421875 0.0333333
7 0.420703 0.506944 0.0117188 0.0194444
1 0.339844 0.307639 0.009375 0.0402778
2 0.189453 0.429861 0.0164062 0.0152778
7 0.359375 0.509722 0.0125 0.0388889
2 0.558594 0.413194 0.0140625 0.0152778
2 0.152344 0.319444 0.0125 0.0194444
7 0.432813 0.511806 0.01875 0.0597222
1 0.165234 0.414583 0.0132813 0.0375
7 0.405469 0.50625 0.0140625 0.0208333
1 0.463281 0.339583 0.009375 0.0347222
1 0.473437 0.339583 0.009375 0.0347222
2 0.141797 0.332639 0.0226563 0.0180556
1 0.349609 0.304861 0.0101562 0.0430556
7 0.347656 0.507639 0.01875 0.0486111
2 0.158203 0.375694 0.0304688 0.0208333
5 0.501953 0.484028 0.0476562 0.118056
7 0.325781 0.513889 0.0421875 0.0583333
7 0.38125 0.511111 0.04375 0.0611111
7 0.457812 0.525694 0.059375 0.0847222
7 0.0382813 0.569444 0.0765625 0.194444
7 0.19375 0.525 0.084375 0.119444
7 0.119922 0.547222 0.124219 0.130556
7 0.842969 0.672222 0.3125 0.383333
