7 0.536719 0.603472 0.0109375 0.0152778
7 0.202734 0.610417 0.0210938 0.0208333
7 0.526563 0.604861 0.0140625 0.0180556
7 0.43125 0.605556 0.0140625 0.0194444
7 0.545313 0.606944 0.0125 0.0166667
2 0.646484 0.581944 0.0242187 0.0305556
7 0.594922 0.635417 0.0164062 0.0208333
2 0.619531 0.577083 0.0265625 0.0291667
7 0.417578 0.669444 0.0304688 0.108333
7 0.7125 0.672222 0.0390625 0.0361111
7 0.778516 0.691667 0.0445312 0.0361111
7 0.587891 0.659028 0.0289063 0.0430556
2 0.579687 0.565972 0.053125 0.0430556
5 0.878516 0.680556 0.180469 0.125
7 0.298828 0.731944 0.257031 0.380556
