7 0.601172 0.507639 0.0273438 0.0375
1 0.561719 0.445139 0.0078125 0.0208333
1 0.665234 0.464583 0.0117188 0.0208333
5 0.542188 0.501389 0.0203125 0.0333333
1 0.681641 0.464583 0.0132813 0.0208333
0 0.600781 0.506944 0.028125 0.0361111
3 0.880469 0.554861 0.0265625 0.109722
1 0.664062 0.410417 0.0125 0.0652778
2 0.766406 0.422917 0.015625 0.0180556
1 0.678906 0.426389 0.009375 0.0388889
2 0.793359 0.4375 0.0320312 0.0166667
7 0.583203 0.51875 0.0210938 0.0291667
1 0.5375 0.288889 0.0171875 0.0666667
7 0.519141 0.521528 0.0351562 0.0597222
0 0.138672 0.372222 0.277344 0.505556
7 0.471875 0.514583 0.0671875 0.106944
