7 0.376953 0.509028 0.0148437 0.0291667
7 0.409375 0.5125 0.015625 0.0222222
7 0.435156 0.53125 0.0171875 0.0319444
2 0.536719 0.439583 0.0140625 0.0180556
7 0.392188 0.515278 0.021875 0.0333333
5 0.435156 0.508333 0.0328125 0.0611111
7 0.442578 0.539583 0.0195312 0.0430556
7 0.394141 0.53125 0.0226563 0.0319444
7 0.361328 0.529861 0.0195312 0.0375
2 0.605859 0.459722 0.0195312 0.0333333
7 0.352344 0.540278 0.0265625 0.0444444
2 0.605469 0.413889 0.0359375 0.0583333
7 0.464844 0.538889 0.0359375 0.0722222
7 0.317578 0.538194 0.0570313 0.0986111
7 0.302734 0.556944 0.0492188 0.0833333
7 0.49375 0.541667 0.05 0.0944444
7 0.101172 0.613194 0.202344 0.373611
7 0.271484 0.570139 0.0632813 0.1125
7 0.848437 0.651389 0.301562 0.341667
7 0.541797 0.55625 0.0960938 0.120833
7 0.209375 0.58125 0.115625 0.170833
