3 0.233984 0.540972 0.0132813 0.0430556
4 0.326562 0.555556 0.0296875 0.0555556
3 0.228906 0.540972 0.0109375 0.0430556
2 0.207422 0.489583 0.0117188 0.0263889
2 0.365625 0.509722 0.0109375 0.0222222
1 0.907422 0.292361 0.0351562 0.131944
4 0.295312 0.554167 0.025 0.05
1 0.362109 0.439583 0.0148437 0.0402778
7 0.114063 0.541667 0.0109375 0.025
2 0.975391 0.163194 0.0492188 0.120833
4 0.316016 0.55625 0.0289063 0.0486111
2 0.260156 0.445139 0.0203125 0.0347222
4 0.347266 0.556944 0.0351562 0.0638889
2 0.364453 0.398611 0.0179687 0.0388889
7 0.104297 0.543056 0.0164062 0.0361111
1 0.869922 0.295139 0.0335938 0.1375
7 0.786328 0.60625 0.427344 0.693056
2 0.469141 0.39375 0.0289063 0.0458333
2 0.364844 0.480556 0.0203125 0.0361111
7 0.00859375 0.550694 0.0171875 0.0430556
2 0.469531 0.440972 0.0296875 0.0458333
3 0.572656 0.538889 0.03125 0.138889
7 0.090625 0.554861 0.03125 0.0569444
7 0.0476562 0.567361 0.078125 0.0986111
7 0.158984 0.579861 0.102344 0.1625
