3 0.763672 0.540278 0.0476562 0.0833333
7 0.705078 0.517361 0.0257812 0.0486111
7 0.684375 0.529861 0.0140625 0.0236111
7 0.689062 0.53125 0.0125 0.0263889
7 0.634766 0.528472 0.0148437 0.0347222
7 0.623047 0.53125 0.0179687 0.0513889
3 0.765625 0.544444 0.01875 0.0833333
7 0.73125 0.53125 0.028125 0.0652778
7 0.763281 0.538889 0.0609375 0.0805556
1 0.367578 0.44375 0.0179687 0.0319444
7 0.608594 0.5375 0.0234375 0.0638889
1 0.886719 0.200694 0.0203125 0.0680556
3 0.346094 0.549306 0.015625 0.0763889
3 0.512109 0.533333 0.0179687 0.0722222
1 0.576953 0.284028 0.0101562 0.0486111
1 0.909766 0.198611 0.0164062 0.0666667
2 0.383984 0.352083 0.0289063 0.0208333
7 0.933984 0.599306 0.132031 0.548611
7 0.708203 0.534722 0.0304688 0.0444444
3 0.366016 0.530556 0.0289063 0.136111
7 0.578516 0.539583 0.0570313 0.0791667
7 0.0839844 0.543056 0.166406 0.136111
