7 0.529297 0.457639 0.0132813 0.0430556
2 0.5875 0.376389 0.0140625 0.0111111
1 0.594141 0.402083 0.0148437 0.0208333
7 0.0578125 0.557639 0.115625 0.668056
1 0.403125 0.335417 0.0078125 0.0263889
1 0.395703 0.334028 0.00703125 0.0263889
7 0.370313 0.454167 0.03125 0.0916667
5 0.451953 0.504861 0.157031 0.259722
2 0.194141 0.284028 0.0226563 0.0541667
7 0.546094 0.472917 0.0421875 0.0958333
7 0.852344 0.659028 0.295312 0.440278
7 0.323828 0.459722 0.0914062 0.138889
7 0.586719 0.485417 0.0890625 0.123611
7 0.698047 0.525 0.210156 0.238889
7 0.291016 0.493056 0.0960938 0.152778
7 0.194141 0.527083 0.199219 0.229167
