7 0.405469 0.552778 0.0109375 0.0277778
7 0.376563 0.552778 0.0234375 0.0444444
2 0.644922 0.4375 0.0132813 0.0222222
7 0.489062 0.553472 0.015625 0.0347222
7 0.473047 0.547917 0.0117188 0.0236111
7 0.499219 0.556944 0.01875 0.0444444
7 0.394531 0.553472 0.0203125 0.0319444
7 0.515234 0.559028 0.0320312 0.0513889
2 0.191406 0.430556 0.0171875 0.0222222
7 0.483594 0.55 0.015625 0.0305556
7 0.563672 0.579861 0.0289063 0.0847222
7 0.525391 0.56875 0.0445312 0.0569444
7 0.367578 0.559722 0.0289063 0.0444444
7 0.259375 0.5875 0.0578125 0.1
7 0.285937 0.570833 0.071875 0.0944444
5 0.316016 0.532639 0.0804688 0.140278
7 0.435547 0.561111 0.0539063 0.0888889
7 0.0675781 0.610417 0.135156 0.259722
7 0.614062 0.58125 0.107813 0.151389
7 0.171094 0.588194 0.165625 0.181944
7 0.874609 0.73125 0.250781 0.418056
