1 0.391797 0.244444 0.00546875 0.0194444
3 0.586719 0.319444 0.009375 0.05
1 0.466016 0.239583 0.00703125 0.0180556
3 0.717578 0.332639 0.0132813 0.0763889
2 0.500391 0.270833 0.00859375 0.0138889
3 0.663672 0.324306 0.0117188 0.0569444
2 0.364062 0.248611 0.0171875 0.0111111
3 0.641016 0.316667 0.0117188 0.0638889
3 0.728906 0.33125 0.0125 0.0819444
3 0.771875 0.31875 0.0234375 0.0791667
7 0.390234 0.300694 0.0148437 0.0236111
7 0.464063 0.297222 0.028125 0.0638889
3 0.648047 0.336111 0.0148437 0.0777778
7 0.491406 0.310417 0.0203125 0.0263889
7 0.377344 0.311111 0.0203125 0.0666667
3 0.748438 0.356944 0.0359375 0.136111
3 0.850781 0.358333 0.0390625 0.166667
5 0.518359 0.297917 0.0367187 0.0736111
7 0.358203 0.313889 0.0367187 0.0777778
3 0.800391 0.335417 0.0304688 0.109722
7 0.341406 0.315972 0.046875 0.0986111
7 0.553125 0.316667 0.0546875 0.0805556
7 0.3125 0.332639 0.0421875 0.104167
7 0.429688 0.325694 0.0625 0.104167
7 0.0890625 0.351389 0.178125 0.388889
7 0.227344 0.329167 0.140625 0.197222
