5 0.376953 0.467361 0.0210938 0.0458333
5 0.594141 0.453472 0.0523437 0.0958333
7 0.540234 0.467361 0.0101562 0.0236111
7 0.517969 0.46875 0.0140625 0.0208333
2 0.570312 0.418056 0.009375 0.0194444
1 0.425391 0.390278 0.00703125 0.0222222
7 0.0519531 0.485417 0.0195312 0.0208333
3 0.260547 0.482639 0.00859375 0.0347222
7 0.45 0.466667 0.0453125 0.075
7 0.556641 0.472222 0.0164062 0.0305556
1 0.296484 0.384028 0.00703125 0.0208333
7 0.547656 0.46875 0.0140625 0.0263889
7 0.564062 0.473611 0.015625 0.0333333
1 0.536328 0.384722 0.00703125 0.0222222
7 0.594922 0.454861 0.0539063 0.0958333
7 0.328516 0.484028 0.0164062 0.0263889
7 0.613672 0.479167 0.0257812 0.0777778
7 0.312109 0.484028 0.0210938 0.0319444
5 0.492578 0.454167 0.0210938 0.0472222
7 0.598437 0.474306 0.0328125 0.0680556
7 0.293359 0.4875 0.0273438 0.0333333
7 0.477344 0.470139 0.0171875 0.0291667
7 0.352344 0.472222 0.0359375 0.05
5 0.405859 0.457639 0.0367187 0.0652778
7 0.631641 0.484028 0.0414063 0.0958333
7 0.0246094 0.503472 0.0492188 0.0541667
7 0.0722656 0.502778 0.0539063 0.0805556
5 0.174609 0.448611 0.163281 0.180556
7 0.683594 0.480556 0.0953125 0.15
7 0.788281 0.500694 0.2 0.226389
7 0.910156 0.577083 0.179688 0.348611
