7 0.526172 0.35 0.0101562 0.0166667
7 0.490234 0.358333 0.0101562 0.0166667
4 0.539453 0.386111 0.0164062 0.05
7 0.552344 0.35625 0.0140625 0.0208333
8 0.539453 0.365278 0.0179687 0.0583333
7 0.477344 0.363889 0.0125 0.0194444
7 0.499219 0.3625 0.0140625 0.0222222
7 0.428125 0.374306 0.01875 0.0402778
7 0.440234 0.371528 0.0132813 0.0375
7 0.462891 0.365278 0.0195312 0.0277778
0 0.597266 0.325694 0.0789063 0.159722
7 0.410937 0.375 0.028125 0.0555556
7 0.388672 0.381944 0.0382813 0.0611111
7 0.367578 0.395139 0.0351562 0.0569444
7 0.3375 0.402778 0.0515625 0.0694444
7 0.223047 0.433333 0.111719 0.119444
7 0.295703 0.413889 0.0648438 0.0861111
