2 0.157031 0.433333 0.0125 0.0194444
2 0.618359 0.396528 0.0117188 0.0236111
2 0.563672 0.43125 0.0210938 0.0236111
2 0.166016 0.397917 0.0101562 0.0236111
2 0.35625 0.388889 0.0171875 0.0305556
2 0.452344 0.408333 0.0140625 0.0277778
7 0.0988281 0.454861 0.0398437 0.0458333
2 0.688281 0.39375 0.0171875 0.0347222
7 0.463281 0.459028 0.01875 0.0263889
7 0.591406 0.471528 0.0203125 0.0319444
2 0.432422 0.386806 0.0148437 0.0375
7 0.160938 0.457639 0.0546875 0.0347222
2 0.873438 0.279861 0.0296875 0.0680556
7 0.04375 0.453472 0.0875 0.0625
7 0.614453 0.477083 0.0335938 0.0402778
7 0.700781 0.485417 0.0625 0.0625
7 0.846875 0.556944 0.304688 0.316667
7 0.494141 0.486806 0.0601562 0.0847222
