7 0.338672 0.514583 0.0117188 0.0180556
7 0.366406 0.525 0.015625 0.0361111
7 0.358594 0.524306 0.0125 0.0291667
7 0.303516 0.525 0.0148437 0.0333333
7 0.283984 0.536806 0.0179687 0.0458333
7 0.291797 0.529861 0.0195312 0.0375
7 0.393359 0.532639 0.0320312 0.0541667
7 0.375781 0.530556 0.01875 0.0388889
7 0.261328 0.536806 0.0398437 0.0736111
7 0.405469 0.538889 0.0265625 0.0583333
7 0.322656 0.523611 0.0203125 0.0333333
7 0.201953 0.571528 0.0554687 0.115278
7 0.441797 0.545139 0.0679687 0.104167
7 0.21875 0.550694 0.071875 0.106944
7 0.458984 0.564583 0.0710938 0.109722
7 0.5125 0.577083 0.090625 0.165278
7 0.0578125 0.63125 0.115625 0.343056
7 0.119922 0.577778 0.155469 0.213889
7 0.8375 0.740972 0.325 0.518056
7 0.632031 0.602083 0.240625 0.273611
