2 0.623828 0.472222 0.00859375 0.0222222
7 0.482422 0.518056 0.0117188 0.0222222
7 0.986719 0.555556 0.0265625 0.0194444
7 0.0503906 0.536806 0.100781 0.3125
7 0.370703 0.515972 0.0117188 0.0291667
5 0.290234 0.472917 0.0585938 0.0541667
7 0.356641 0.515972 0.0226563 0.0375
7 0.340625 0.519444 0.0234375 0.0361111
7 0.31875 0.517361 0.0265625 0.0458333
7 0.465234 0.520833 0.0273438 0.05
7 0.212891 0.519444 0.0460938 0.075
7 0.125 0.520139 0.1 0.101389
5 0.103906 0.452083 0.207813 0.170833
2 0.959766 0.376389 0.0585938 0.102778
5 0.402734 0.488194 0.0585938 0.118056
7 0.425391 0.534722 0.0601562 0.0805556
7 0.270703 0.525 0.0960938 0.111111
7 0.516797 0.554167 0.0835937 0.122222
