3 0.627734 0.506944 0.0117188 0.0416667
2 0.55625 0.443056 0.0109375 0.0333333
7 0.189453 0.435417 0.0367187 0.0375
3 0.564062 0.488889 0.0109375 0.0277778
7 0.531641 0.493056 0.0539063 0.0638889
7 0.162109 0.435417 0.0179687 0.0236111
3 0.608594 0.500694 0.0109375 0.0347222
3 0.583984 0.496528 0.0117188 0.0236111
2 0.625781 0.452778 0.021875 0.0222222
2 0.170703 0.379167 0.0195312 0.0194444
7 0.485156 0.495833 0.0484375 0.0555556
2 0.684375 0.43125 0.021875 0.0708333
3 0.827344 0.554861 0.0421875 0.118056
7 0.292578 0.461806 0.0414063 0.0375
7 0.560156 0.521528 0.075 0.0430556
3 0.741406 0.536806 0.028125 0.0819444
7 0.421094 0.586806 0.178125 0.220833
3 0.380469 0.588194 0.0515625 0.284722
2 0.627734 0.409722 0.0382813 0.0666667
2 0.172656 0.334722 0.040625 0.0666667
3 0.326953 0.554861 0.0539063 0.248611
7 0.589063 0.744444 0.3375 0.427778
