7 0.258594 0.4625 0.0265625 0.0194444
7 0.262109 0.471528 0.0273438 0.0319444
2 0.55625 0.456944 0.0125 0.0166667
2 0.555859 0.439583 0.0132813 0.0152778
7 0.421484 0.473611 0.0179687 0.0194444
2 0.507031 0.439583 0.0109375 0.0236111
7 0.244141 0.479167 0.0367187 0.0361111
2 0.506641 0.41875 0.0132813 0.0152778
7 0.317969 0.472917 0.025 0.0291667
7 0.466016 0.475694 0.0195312 0.0236111
7 0.214844 0.480556 0.0265625 0.0388889
7 0.285156 0.479167 0.0296875 0.0333333
2 0.55625 0.413889 0.0234375 0.0361111
2 0.555859 0.372917 0.0242187 0.0402778
7 0.403125 0.472222 0.021875 0.0333333
7 0.18125 0.488194 0.053125 0.0569444
7 0.0742188 0.490278 0.06875 0.0777778
7 0.128516 0.488194 0.0585938 0.0708333
7 0.021875 0.49375 0.04375 0.0930556
