3 0.0949219 0.570139 0.0164062 0.0763889
3 0.119922 0.54375 0.0148437 0.0319444
7 0.230859 0.548611 0.0367187 0.0527778
3 0.0113281 0.58125 0.0195312 0.0902778
3 0.078125 0.574306 0.0171875 0.0819444
2 0.682031 0.4 0.0265625 0.0527778
7 0.574609 0.525 0.0382813 0.075
7 0.604297 0.524306 0.0523437 0.101389
7 0.666016 0.523611 0.103906 0.144444
7 0.525781 0.527778 0.0546875 0.0972222
7 0.194141 0.563889 0.0617188 0.0777778
7 0.263281 0.559722 0.078125 0.0805556
7 0.137109 0.585417 0.0882813 0.0902778
7 0.933594 0.572917 0.132812 0.229167
7 0.421484 0.570833 0.191406 0.3
7 0.785937 0.538194 0.203125 0.2125
