1 0.698047 0.230556 0.0101562 0.0222222
7 0.566797 0.3125 0.0148437 0.025
2 0.291797 0.169444 0.0210938 0.0555556
2 0.733594 0.2125 0.025 0.0277778
5 0.536328 0.315972 0.0523437 0.0458333
2 0.466406 0.252778 0.028125 0.0166667
1 0.501172 0.243056 0.0101562 0.025
1 0.628906 0.21875 0.0109375 0.0263889
7 0.491016 0.322222 0.0289063 0.0472222
2 0.695703 0.252083 0.0148437 0.0291667
1 0.558203 0.261111 0.00859375 0.0277778
5 0.888672 0.325 0.221094 0.65
2 0.271094 0.0576389 0.025 0.0458333
1 0.654688 0.025 0.015625 0.05
7 0.425391 0.330556 0.0664062 0.0833333
1 0.670703 0.0354167 0.0179687 0.0708333
1 0.149219 0.0284722 0.0171875 0.0569444
1 0.124219 0.0298611 0.0234375 0.0569444
7 0.619531 0.311111 0.0296875 0.0472222
7 0.305469 0.483333 0.367188 0.527778
7 0.714063 0.331944 0.171875 0.108333
