7 0.822266 0.535417 0.0101562 0.0180556
1 0.071875 0.288194 0.0125 0.0652778
7 0.796094 0.5375 0.0265625 0.0222222
2 0.282813 0.28125 0.0125 0.0347222
2 0.292578 0.3125 0.0289063 0.0222222
1 0.0589844 0.28125 0.0164062 0.0652778
5 0.551953 0.556944 0.0554687 0.0472222
1 0.0414063 0.282639 0.0171875 0.0625
2 0.855078 0.411111 0.0195312 0.0277778
1 0.300391 0.443056 0.0289063 0.0472222
1 0.266406 0.44375 0.0234375 0.0486111
2 0.278125 0.368056 0.0609375 0.0944444
7 0.448828 0.572917 0.0632813 0.0486111
