7 0.491016 0.519444 0.0101562 0.0222222
7 0.496875 0.513889 0.0140625 0.0333333
7 0.502344 0.511111 0.0140625 0.0388889
7 0.487109 0.518056 0.0101562 0.0194444
7 0.508594 0.5125 0.015625 0.0416667
7 0.525 0.513194 0.0265625 0.0486111
7 0.232812 0.51875 0.046875 0.0513889
7 0.421875 0.511111 0.0328125 0.0472222
7 0.4625 0.50625 0.0453125 0.0819444
7 0.303516 0.513889 0.0476562 0.0611111
7 0.555469 0.518056 0.0484375 0.0777778
7 0.115234 0.536111 0.100781 0.0861111
7 0.610156 0.540278 0.10625 0.122222
7 0.835156 0.583333 0.328125 0.397222
