1 0.059375 0.422917 0.009375 0.0180556
3 0.478906 0.41875 0.0171875 0.0902778
7 0.040625 0.461111 0.0171875 0.0222222
5 0.0746094 0.452083 0.0179687 0.0319444
7 0.145703 0.447917 0.0257812 0.0375
2 0.856641 0.05 0.0585938 0.0694444
2 0.292578 0.305556 0.0257812 0.0416667
7 0.0570313 0.463889 0.0171875 0.0222222
7 0.389844 0.43125 0.0390625 0.0513889
7 0.0101562 0.472917 0.0203125 0.0486111
7 0.351562 0.436806 0.0453125 0.0513889
7 0.551562 0.409722 0.0609375 0.0611111
7 0.435547 0.434028 0.0757812 0.0763889
7 0.858594 0.397222 0.173438 0.108333
