5 0.512109 0.569444 0.0242187 0.0527778
7 0.390625 0.586806 0.028125 0.0402778
7 0.523438 0.588194 0.01875 0.0458333
8 0.878906 0.596528 0.0453125 0.151389
6 0.879687 0.635417 0.059375 0.115278
3 0.214844 0.611111 0.028125 0.175
1 0.171484 0.452778 0.0304688 0.0472222
1 0.189453 0.333333 0.0242187 0.113889
7 0.537891 0.591667 0.0273438 0.0583333
7 0.374219 0.61875 0.0390625 0.0958333
7 0.931641 0.622917 0.136719 0.131944
3 0.139453 0.652778 0.0414063 0.211111
7 0.323047 0.615972 0.103906 0.170833
7 0.834375 0.608333 0.0671875 0.0944444
7 0.575781 0.597917 0.071875 0.0902778
7 0.453516 0.645833 0.136719 0.208333
7 0.707031 0.605556 0.209375 0.247222
