7 0.407813 0.664583 0.0140625 0.0319444
7 0.498437 0.647917 0.0140625 0.0180556
7 0.485547 0.65 0.0148437 0.0222222
7 0.310547 0.679861 0.0382813 0.0652778
2 0.425391 0.60625 0.0117188 0.0208333
2 0.386328 0.617361 0.0132813 0.0263889
2 0.539062 0.5 0.025 0.0444444
2 0.271484 0.582639 0.0257812 0.0430556
2 0.269531 0.536806 0.0265625 0.0541667
7 0.0777344 0.70625 0.0960938 0.0625
7 0.386719 0.66875 0.0453125 0.0625
7 0.205859 0.668056 0.0898438 0.0666667
7 0.359766 0.686111 0.0679687 0.0805556
7 0.448047 0.686806 0.0789063 0.118056
7 0.236328 0.742361 0.183594 0.198611
