2 0.455078 0.485417 0.0132813 0.0263889
2 0.622266 0.477083 0.00703125 0.0152778
5 0.33125 0.533333 0.0421875 0.05
7 0.568359 0.531944 0.0117188 0.0277778
7 0.516016 0.51875 0.0117188 0.0180556
7 0.503906 0.520833 0.015625 0.0166667
1 0.526953 0.490972 0.00546875 0.0180556
7 0.627344 0.525 0.0125 0.0222222
7 0.461719 0.529861 0.0171875 0.0208333
1 0.608594 0.458333 0.00625 0.0194444
7 0.330859 0.534028 0.0414063 0.0458333
7 0.434766 0.531944 0.0195312 0.0222222
2 0.749609 0.471528 0.0101562 0.0152778
7 0.574219 0.529167 0.0140625 0.025
2 0.647656 0.488194 0.009375 0.0152778
5 0.552344 0.542361 0.034375 0.0569444
7 0.635547 0.529167 0.0179687 0.0277778
2 0.526172 0.465278 0.00859375 0.0166667
3 0.219922 0.548611 0.0132813 0.0472222
7 0.291797 0.552083 0.0445312 0.0319444
7 0.552344 0.542361 0.034375 0.0569444
2 0.477344 0.475 0.028125 0.0277778
7 0.661719 0.539583 0.01875 0.0402778
7 0.696094 0.554167 0.021875 0.05
7 0.680859 0.543056 0.0320312 0.05
5 0.390234 0.529167 0.0492188 0.0583333
0 0.611328 0.513889 0.0226563 0.0361111
2 0.461328 0.458333 0.0210938 0.0333333
7 0.590234 0.5375 0.0195312 0.0305556
2 0.746875 0.447222 0.0171875 0.0333333
2 0.795703 0.4875 0.0351562 0.0305556
2 0.322266 0.415278 0.0351562 0.025
6 0.861719 0.597222 0.103125 0.122222
7 0.604297 0.546528 0.0273438 0.0402778
7 0.723047 0.554861 0.0507812 0.0736111
7 0.753906 0.565972 0.0546875 0.0875
7 0.141016 0.588889 0.114844 0.0888889
7 0.800781 0.573611 0.0875 0.111111
7 0.952734 0.622917 0.0945313 0.270833
