7 0.383984 0.529861 0.0523437 0.0263889
7 0.478125 0.615278 0.0109375 0.0138889
7 0.464063 0.613194 0.0109375 0.0152778
7 0.490625 0.613889 0.0125 0.0138889
7 0.453516 0.615278 0.0117188 0.0138889
7 0.435547 0.613194 0.0148437 0.0180556
7 0.406641 0.615278 0.0289063 0.0222222
7 0.292188 0.615972 0.0203125 0.0319444
2 0.513281 0.554167 0.034375 0.0277778
2 0.702344 0.5875 0.0171875 0.0277778
7 0.588281 0.626389 0.025 0.0555556
5 0.603906 0.611806 0.0296875 0.0597222
7 0.213672 0.609722 0.0367187 0.0333333
7 0.520703 0.623611 0.0351562 0.0611111
7 0.636719 0.631944 0.0328125 0.0388889
7 0.267578 0.617361 0.0445312 0.0402778
7 0.329688 0.6125 0.0421875 0.0388889
7 0.134766 0.613194 0.0742188 0.0652778
7 0.718359 0.647222 0.0726563 0.075
7 0.551172 0.663889 0.0945313 0.136111
