7 0.596875 0.547917 0.015625 0.0319444
2 0.485938 0.509722 0.021875 0.0166667
5 0.4 0.565278 0.0984375 0.125
7 0.608984 0.55 0.0179687 0.05
7 0.493359 0.551389 0.0132813 0.0194444
7 0.621094 0.556944 0.021875 0.0555556
2 0.347266 0.483333 0.0117188 0.025
2 0.620313 0.499306 0.0109375 0.0236111
7 0.469141 0.553472 0.0148437 0.0236111
7 0.635547 0.559028 0.0320312 0.0652778
7 0.651172 0.564583 0.0304688 0.0736111
7 0.454688 0.559028 0.0203125 0.0263889
7 0.21875 0.598611 0.0265625 0.0666667
7 0.685156 0.570833 0.0703125 0.0944444
7 0.0328125 0.6375 0.065625 0.133333
7 0.530469 0.576389 0.0765625 0.111111
7 0.269141 0.599306 0.103906 0.0986111
7 0.765625 0.579167 0.126563 0.183333
7 0.884375 0.625694 0.23125 0.295833
