7 0.425391 0.372222 0.0132813 0.0361111
7 0.524219 0.384722 0.034375 0.0388889
1 0.333984 0.29375 0.00703125 0.0208333
2 0.416406 0.19375 0.009375 0.0152778
2 0.106641 0.25 0.0148437 0.025
1 0.282813 0.296528 0.0109375 0.0430556
1 0.0871094 0.20625 0.0101562 0.0319444
1 0.369141 0.275694 0.00859375 0.0291667
0 0.0691406 0.306944 0.138281 0.116667
7 0.922656 0.529167 0.154687 0.291667
1 0.416406 0.220833 0.0125 0.0416667
7 0.463281 0.410417 0.0640625 0.0847222
7 0.758594 0.426389 0.198437 0.233333
7 0.341016 0.474306 0.207031 0.315278
7 0.189844 0.404861 0.1375 0.176389
