7 0.530078 0.51875 0.0226563 0.0347222
7 0.518359 0.518056 0.0257812 0.0333333
1 0.521094 0.477083 0.0109375 0.0263889
1 0.397266 0.477083 0.00859375 0.0236111
7 0.467187 0.513194 0.01875 0.0291667
7 0.445703 0.513194 0.0257812 0.0291667
7 0.346484 0.513194 0.0351562 0.0486111
7 0.486719 0.514583 0.028125 0.0402778
7 0.564062 0.522222 0.0609375 0.0777778
7 0.921094 0.649306 0.157813 0.3625
7 0.303516 0.520833 0.0523437 0.0583333
7 0.613672 0.527083 0.0648438 0.148611
7 0.0214844 0.538194 0.0429688 0.204167
5 0.108594 0.525694 0.157813 0.1625
7 0.675391 0.545139 0.136719 0.193056
7 0.807422 0.598611 0.288281 0.275
