7 0.394922 0.372917 0.0179687 0.0486111
2 0.578125 0.259028 0.0140625 0.0152778
7 0.417578 0.364583 0.0117188 0.0291667
1 0.379687 0.321528 0.0078125 0.0208333
0 0.0933594 0.336111 0.186719 0.419444
7 0.414062 0.370139 0.015625 0.0375
3 0.584375 0.382639 0.0125 0.0347222
7 0.978906 0.690278 0.0421875 0.455556
7 0.524219 0.378472 0.0296875 0.0236111
7 0.402734 0.372917 0.0195312 0.0458333
1 0.695312 0.309028 0.015625 0.0375
2 0.609375 0.284722 0.01875 0.0138889
1 0.608594 0.329861 0.0140625 0.0208333
1 0.253125 0.259722 0.009375 0.0361111
1 0.508203 0.2125 0.0101562 0.0388889
2 0.598437 0.313194 0.0203125 0.0152778
2 0.253125 0.296528 0.021875 0.0152778
2 0.682031 0.253472 0.015625 0.0236111
1 0.496484 0.211806 0.0101562 0.0430556
2 0.568359 0.21875 0.0210938 0.0263889
7 0.374609 0.372917 0.0414063 0.0652778
2 0.679297 0.181944 0.0351562 0.0222222
5 0.09375 0.334722 0.1875 0.419444
2 0.570703 0.279861 0.0210938 0.0319444
2 0.599609 0.220139 0.0179687 0.0513889
7 0.551562 0.410417 0.0609375 0.0652778
7 0.329297 0.391667 0.0664062 0.122222
7 0.499609 0.425694 0.0914062 0.184722
7 0.826172 0.51875 0.291406 0.304167
7 0.614062 0.433333 0.0953125 0.127778
7 0.665625 0.467361 0.121875 0.156944
7 0.232422 0.45625 0.222656 0.273611
7 0.430078 0.543056 0.261719 0.483333
