7 0.252344 0.373611 0.0140625 0.0194444
2 0.00820312 0.327083 0.0164062 0.0625
7 0.295312 0.379861 0.0109375 0.0180556
7 0.387109 0.389583 0.0117188 0.0152778
7 0.307422 0.384722 0.0132813 0.025
7 0.276953 0.390278 0.0148437 0.0194444
7 0.326562 0.384722 0.015625 0.0166667
7 0.254687 0.391667 0.0171875 0.025
7 0.703125 0.459722 0.0484375 0.0222222
7 0.539062 0.406944 0.01875 0.0194444
7 0.348437 0.389583 0.015625 0.0236111
7 0.358984 0.403472 0.0195312 0.0263889
7 0.279687 0.407639 0.0203125 0.0291667
7 0.450391 0.402083 0.0226563 0.0291667
7 0.326562 0.402083 0.0203125 0.0263889
7 0.493359 0.414583 0.0242187 0.0291667
7 0.218359 0.393056 0.0210938 0.0277778
7 0.258984 0.427083 0.0351562 0.0347222
7 0.383984 0.422917 0.0257812 0.0347222
7 0.520312 0.421528 0.0328125 0.0319444
7 0.228125 0.425694 0.0328125 0.0375
7 0.472266 0.441667 0.0460938 0.0555556
7 0.335156 0.4625 0.071875 0.1
