1 0.761328 0.388194 0.00703125 0.0208333
1 0.513281 0.288194 0.0078125 0.0347222
7 0.654688 0.420139 0.0140625 0.0180556
7 0.667578 0.41875 0.0148437 0.0180556
7 0.682813 0.419444 0.0125 0.0194444
2 0.771484 0.327083 0.0492188 0.0819444
7 0.753516 0.422917 0.0164062 0.0208333
1 0.351562 0.375694 0.009375 0.0236111
3 0.870703 0.416667 0.0117188 0.05
1 0.701953 0.390972 0.00859375 0.0180556
7 0.622266 0.41875 0.0210938 0.0236111
7 0.733594 0.416667 0.0125 0.0166667
7 0.696094 0.420139 0.0140625 0.0236111
1 0.733984 0.386806 0.00859375 0.0180556
2 0.191016 0.365972 0.0226563 0.0402778
1 0.336328 0.375 0.0148437 0.0277778
7 0.251563 0.440972 0.0625 0.0652778
7 0.562109 0.425694 0.0132813 0.0180556
7 0.457812 0.434722 0.028125 0.0305556
1 0.505078 0.288194 0.0101562 0.0375
1 0.649219 0.324306 0.0125 0.0319444
1 0.240625 0.295139 0.0109375 0.0375
1 0.253125 0.294444 0.0109375 0.0388889
7 0.713281 0.422222 0.0234375 0.0333333
2 0.428516 0.357639 0.0117188 0.0263889
2 0.346484 0.325 0.0179687 0.0361111
2 0.632812 0.386806 0.025 0.0319444
7 0.577344 0.429861 0.0234375 0.0375
2 0.283594 0.28125 0.0421875 0.0236111
7 0.509375 0.477083 0.0828125 0.1125
