2 0.462109 0.413889 0.0132813 0.0166667
2 0.134375 0.386806 0.021875 0.0152778
3 0.208594 0.461111 0.015625 0.0416667
2 0.398047 0.415278 0.0179687 0.0138889
2 0.462109 0.430556 0.0132813 0.0277778
2 0.901563 0.241667 0.021875 0.0444444
2 0.470703 0.388194 0.0117188 0.0125
7 0.0507812 0.797222 0.1 0.363889
2 0.130469 0.407639 0.0125 0.0291667
3 0.185156 0.456944 0.0203125 0.0472222
2 0.657812 0.366667 0.0328125 0.0222222
2 0.173828 0.394444 0.0195312 0.0333333
2 0.398438 0.438194 0.01875 0.0347222
7 0.341406 0.510417 0.0453125 0.0541667
3 0.841406 0.454861 0.0296875 0.0569444
2 0.657422 0.402778 0.0289063 0.05
2 0.219922 0.3375 0.0414063 0.0694444
7 0.626172 0.513889 0.0992187 0.122222
7 0.273047 0.54375 0.138281 0.173611
7 0.875 0.617361 0.25 0.3125
7 0.730078 0.535417 0.183594 0.201389
7 0.138281 0.638194 0.276563 0.334722
