3 0.665234 0.344444 0.0195312 0.1
7 0.456641 0.361111 0.0117188 0.0222222
1 0.512891 0.309028 0.00859375 0.0180556
7 0.482422 0.353472 0.0179687 0.0208333
7 0.509766 0.349306 0.0117188 0.0180556
7 0.446484 0.3625 0.0148437 0.0277778
1 0.473828 0.313889 0.00859375 0.0194444
7 0.521875 0.348611 0.0125 0.025
7 0.374219 0.385417 0.025 0.0569444
7 0.548828 0.349306 0.0195312 0.0430556
7 0.435156 0.366667 0.01875 0.0305556
7 0.535547 0.35 0.0179687 0.0361111
7 0.382812 0.377778 0.034375 0.0583333
7 0.498828 0.353472 0.0164062 0.0208333
7 0.567578 0.353472 0.0304688 0.0625
7 0.413672 0.369444 0.0289063 0.0416667
7 0.165234 0.43125 0.164844 0.170833
3 0.156641 0.470139 0.0648438 0.3125
7 0.907031 0.45625 0.185937 0.479167
7 0.334766 0.380556 0.0710938 0.1
7 0.282031 0.406944 0.084375 0.111111
7 0.6125 0.364583 0.0734375 0.0902778
7 0.0648438 0.495833 0.128125 0.194444
