7 0.439844 0.400694 0.0140625 0.0263889
7 0.382812 0.404167 0.0140625 0.0305556
2 0.478125 0.369444 0.0109375 0.0194444
2 0.440625 0.261806 0.028125 0.0152778
7 0.421484 0.402083 0.0148437 0.0236111
7 0.3625 0.413194 0.0265625 0.0347222
7 0.400391 0.414583 0.0351562 0.0541667
7 0.496484 0.41875 0.0320312 0.0458333
2 0.421875 0.297917 0.065625 0.0597222
7 0.330859 0.414583 0.0414063 0.0597222
7 0.460156 0.436111 0.0609375 0.0833333
7 0.166797 0.455556 0.138281 0.127778
7 0.860937 0.520139 0.278125 0.373611
