7 0.262109 0.574306 0.0257812 0.0652778
7 0.321875 0.569444 0.0109375 0.0166667
7 0.300391 0.56875 0.0210938 0.0347222
5 0.244922 0.580556 0.0445312 0.0861111
7 0.360547 0.563889 0.00859375 0.0194444
5 0.301562 0.566667 0.021875 0.0361111
7 0.244531 0.582639 0.0421875 0.0847222
7 0.315234 0.571528 0.0117188 0.0180556
7 0.390234 0.577083 0.0148437 0.0402778
7 0.366797 0.565278 0.0101562 0.0222222
7 0.288672 0.58125 0.0148437 0.0291667
7 0.278125 0.583333 0.0171875 0.0444444
7 0.296484 0.576389 0.0179687 0.0277778
7 0.346094 0.567361 0.0125 0.0208333
7 0.396094 0.579861 0.0171875 0.0430556
7 0.419922 0.584722 0.0257812 0.0694444
7 0.0136719 0.675 0.0273438 0.227778
7 0.407813 0.582639 0.025 0.0569444
7 0.377734 0.568056 0.0195312 0.0333333
5 0.185547 0.586111 0.0867188 0.141667
7 0.0558594 0.63125 0.111719 0.201389
7 0.517578 0.565278 0.0523437 0.0583333
7 0.459375 0.585417 0.0765625 0.101389
7 0.594141 0.567361 0.0851562 0.0819444
