7 0.843359 0.56875 0.0320312 0.0486111
7 0.533594 0.613889 0.0125 0.0194444
2 0.555469 0.584722 0.0078125 0.0166667
7 0.456641 0.627083 0.0117188 0.0291667
1 0.503125 0.550694 0.0078125 0.0180556
1 0.512109 0.552778 0.00703125 0.0194444
7 0.515625 0.614583 0.0125 0.0180556
2 0.617969 0.552778 0.0109375 0.0194444
7 0.566797 0.623611 0.0164062 0.0611111
7 0.540625 0.611806 0.0109375 0.0263889
7 0.448438 0.629167 0.015625 0.0333333
7 0.552344 0.614583 0.01875 0.0430556
2 0.858594 0.356944 0.01875 0.025
7 0.558594 0.618056 0.01875 0.0527778
1 0.899219 0.453472 0.025 0.0402778
1 0.0511719 0.557639 0.0164062 0.0375
7 0.434375 0.629167 0.0203125 0.0472222
7 0.41875 0.629167 0.021875 0.0583333
7 0.399609 0.63125 0.0351562 0.0652778
1 0.0199219 0.559722 0.0242187 0.0388889
1 0.707812 0.192361 0.0234375 0.0847222
2 0.890625 0.325694 0.0375 0.0236111
2 0.869141 0.275 0.0398437 0.0277778
1 0.731641 0.186806 0.0195312 0.0875
7 0.38125 0.645139 0.0375 0.0791667
5 0.48125 0.602778 0.0515625 0.0916667
7 0.351172 0.64375 0.0398437 0.0986111
7 0.600391 0.621528 0.0679687 0.0986111
7 0.227734 0.729861 0.258594 0.429167
