7 0.325781 0.565278 0.0109375 0.0222222
2 0.271875 0.495833 0.0109375 0.0111111
7 0.321875 0.565278 0.0125 0.025
7 0.373828 0.563194 0.0132813 0.0291667
2 0.405859 0.528472 0.0117188 0.0236111
2 0.448438 0.507639 0.0140625 0.0319444
7 0.383594 0.564583 0.015625 0.0347222
3 0.760547 0.575694 0.0320312 0.143056
7 0.398828 0.568056 0.0289063 0.0444444
3 0.721094 0.58125 0.03125 0.154167
7 0.307422 0.565972 0.0257812 0.0347222
7 0.277734 0.584722 0.0226563 0.0694444
3 0.695703 0.575694 0.0289063 0.154167
7 0.348437 0.572917 0.0390625 0.0541667
7 0.428516 0.574306 0.0414063 0.0708333
7 0.242969 0.5875 0.06875 0.102778
7 0.469922 0.577778 0.0648438 0.108333
7 0.192969 0.610417 0.078125 0.120833
7 0.546875 0.602778 0.145313 0.194444
7 0.0867188 0.622222 0.173438 0.213889
