3 0.31875 0.513194 0.0140625 0.0625
2 0.321484 0.409028 0.0195312 0.0152778
1 0.384375 0.459028 0.0109375 0.0180556
1 0.442187 0.376389 0.009375 0.0333333
1 0.433203 0.375694 0.0101562 0.0375
3 0.335547 0.514583 0.0132813 0.0541667
0 0.686328 0.4625 0.0960938 0.130556
7 0.471875 0.534722 0.0265625 0.0805556
1 0.307422 0.447222 0.0164062 0.025
7 0.0253906 0.525 0.0507812 0.205556
2 0.23125 0.43125 0.0125 0.0319444
3 0.159375 0.505556 0.0203125 0.0972222
7 0.571484 0.541667 0.200781 0.477778
7 0.751172 0.591667 0.161719 0.252778
7 0.235547 0.507639 0.0851562 0.0486111
7 0.882422 0.690972 0.235156 0.398611
