1 0.147266 0.436806 0.0117188 0.0208333
1 0.625 0.331944 0.021875 0.0805556
5 0.15625 0.467361 0.06875 0.0430556
1 0.246484 0.288889 0.0179687 0.0611111
7 0.0707031 0.49375 0.0414063 0.0958333
3 0.140234 0.482639 0.0117188 0.0263889
2 0.744141 0.409028 0.0132813 0.0152778
2 0.0609375 0.245833 0.0140625 0.0194444
1 0.141406 0.436806 0.015625 0.0208333
2 0.648828 0.147222 0.0554687 0.0611111
1 0.655859 0.338889 0.0226563 0.0527778
2 0.738672 0.379861 0.0117188 0.0347222
1 0.677734 0.344444 0.0257812 0.05
2 0.741797 0.450694 0.0117188 0.0291667
7 0.922656 0.553472 0.028125 0.0430556
2 0.0429688 0.228472 0.0296875 0.0180556
2 0.625 0.147222 0.0359375 0.0611111
1 0.310937 0.352778 0.009375 0.0388889
2 0.145313 0.356944 0.01875 0.0138889
1 0.319531 0.352778 0.009375 0.0388889
2 0.242188 0.355556 0.0140625 0.0416667
2 0.154687 0.377083 0.0203125 0.0152778
1 0.268359 0.292361 0.0101562 0.0486111
3 0.06875 0.492361 0.0359375 0.0958333
1 0.0320312 0.365972 0.0265625 0.0375
1 0.279297 0.289583 0.0132813 0.0541667
7 0.722266 0.532639 0.0476562 0.0597222
7 0.677734 0.540972 0.0523437 0.0708333
2 0.246094 0.2875 0.01875 0.0611111
2 0.642187 0.0263889 0.0421875 0.0305556
2 0.053125 0.267361 0.0328125 0.0208333
2 0.667188 0.21875 0.04375 0.0291667
3 0.652734 0.533333 0.0351562 0.211111
7 0.144141 0.507639 0.0492188 0.0569444
2 0.0589844 0.314583 0.0148437 0.0513889
2 0.725391 0.193056 0.0242187 0.05
7 0.962891 0.539583 0.0742188 0.0791667
7 0.0683594 0.56875 0.136719 0.306944
2 0.642969 0.0847222 0.0671875 0.0583333
7 0.110547 0.497222 0.0507812 0.0472222
7 0.817578 0.518056 0.186719 0.116667
7 0.489062 0.509722 0.33125 0.391667
7 0.226953 0.554167 0.214844 0.225
