7 0.108203 0.593056 0.0210938 0.0194444
2 0.166016 0.549306 0.0117188 0.0263889
2 0.105859 0.570139 0.0304688 0.0236111
7 0.254687 0.610417 0.0203125 0.0319444
2 0.129688 0.574306 0.01875 0.0236111
7 0.234375 0.6125 0.0140625 0.025
2 0.18125 0.514583 0.0109375 0.0180556
2 0.179297 0.538194 0.0148437 0.0263889
7 0.0671875 0.585417 0.021875 0.0263889
7 0.126563 0.594444 0.021875 0.0222222
7 0.301172 0.625694 0.0148437 0.0375
7 0.321875 0.634722 0.028125 0.0416667
7 0.192578 0.604167 0.0210938 0.0277778
7 0.0234375 0.58125 0.0375 0.0319444
7 0.217187 0.615278 0.028125 0.0361111
7 0.933984 0.877083 0.132031 0.240278
7 0.276172 0.628472 0.0429688 0.0625
2 0.158203 0.402083 0.0398437 0.0763889
7 0.489453 0.672917 0.0882813 0.134722
7 0.385938 0.683333 0.13125 0.175
7 0.610547 0.736806 0.172656 0.165278
