2 0.975391 0.403472 0.0117188 0.0291667
2 0.971094 0.36875 0.0109375 0.0347222
2 0.196875 0.389583 0.0234375 0.0152778
2 0.637891 0.439583 0.0132813 0.0208333
1 0.65 0.472917 0.0234375 0.0291667
3 0.689453 0.546528 0.0179687 0.0625
1 0.582031 0.310417 0.0109375 0.0513889
1 0.557031 0.310417 0.0140625 0.0597222
2 0.201172 0.430556 0.0257812 0.0194444
1 0.570703 0.309028 0.0132813 0.0625
2 0.228906 0.452778 0.0265625 0.0388889
2 0.191797 0.357639 0.0429688 0.0430556
1 0.379687 0.238194 0.01875 0.0708333
2 0.636719 0.342361 0.028125 0.0402778
1 0.359766 0.238194 0.0195312 0.0791667
1 0.09375 0.358333 0.034375 0.0583333
2 0.635938 0.402083 0.034375 0.0430556
2 0.130859 0.264583 0.0367187 0.0513889
3 0.0625 0.569444 0.06875 0.291667
2 0.124609 0.0645833 0.0554687 0.1125
7 0.638281 0.611806 0.125 0.159722
0 0.471094 0.509722 0.220313 0.405556
