7 0.409766 0.359722 0.0148437 0.0222222
7 0.359375 0.335417 0.0140625 0.0180556
2 0.892969 0.176389 0.05625 0.0944444
2 0.296875 0.352083 0.021875 0.0125
2 0.909766 0.149306 0.0273438 0.0569444
7 0.376563 0.340972 0.0109375 0.0208333
7 0.419531 0.381944 0.0203125 0.025
7 0.391016 0.327778 0.0101562 0.0166667
3 0.0199219 0.446528 0.0179687 0.0791667
7 0.333203 0.380556 0.0132813 0.0222222
7 0.367578 0.399306 0.0132813 0.0208333
2 0.352734 0.361111 0.0195312 0.0333333
2 0.254297 0.366667 0.0132813 0.025
7 0.225 0.427083 0.028125 0.0263889
2 0.271094 0.363889 0.0140625 0.025
2 0.889844 0.209722 0.04375 0.0555556
2 0.907422 0.206944 0.0273438 0.0527778
2 0.743359 0.229167 0.0148437 0.0222222
0 0.2875 0.410417 0.0609375 0.0708333
2 0.883203 0.155556 0.0429688 0.0583333
7 0.378125 0.410417 0.021875 0.0319444
7 0.335547 0.407639 0.0210938 0.0291667
2 0.890234 0.0951389 0.0523437 0.0625
7 0.591016 0.411806 0.0195312 0.0652778
7 0.0167969 0.518056 0.0335938 0.116667
7 0.407422 0.427083 0.0398437 0.0791667
7 0.173438 0.458333 0.0875 0.102778
7 0.553125 0.409028 0.0640625 0.131944
7 0.482031 0.427778 0.11875 0.194444
