3 0.692578 0.409722 0.0226563 0.0722222
7 0.526953 0.394444 0.0117188 0.0194444
2 0.690234 0.36875 0.0148437 0.0347222
7 0.421875 0.408333 0.0140625 0.0277778
1 0.505078 0.26875 0.00703125 0.0263889
1 0.612109 0.338889 0.0132813 0.0194444
1 0.498047 0.268056 0.00859375 0.0277778
7 0.433984 0.406944 0.0179687 0.025
7 0.469141 0.404861 0.0117188 0.0152778
7 0.411328 0.409028 0.0164062 0.0319444
1 0.492578 0.26875 0.00703125 0.0263889
7 0.483594 0.402083 0.0109375 0.0180556
1 0.291016 0.315972 0.00859375 0.0319444
1 0.276563 0.263889 0.009375 0.0333333
2 0.688281 0.252083 0.015625 0.0208333
1 0.154297 0.366667 0.0148437 0.025
1 0.287109 0.263194 0.0101562 0.0347222
3 0.617969 0.394444 0.0140625 0.075
1 0.639063 0.185417 0.0109375 0.0430556
1 0.659375 0.270139 0.0203125 0.0291667
7 0.0929687 0.444444 0.065625 0.05
7 0.396875 0.409028 0.01875 0.0402778
7 0.450781 0.406944 0.0203125 0.0277778
5 0.561328 0.363194 0.0507812 0.115278
7 0.505859 0.404861 0.0398437 0.0569444
7 0.0542969 0.497917 0.108594 0.254167
7 0.346484 0.417361 0.0945313 0.120833
