1 0.507812 0.0916667 0.0328125 0.0611111
1 0.00546875 0.0354167 0.0109375 0.0680556
2 0.712109 0.270139 0.0242187 0.0152778
3 0.673828 0.351389 0.0117188 0.0527778
7 0.190234 0.379167 0.0539063 0.0222222
7 0.24375 0.35625 0.06875 0.0541667
1 0.025 0.0361111 0.0265625 0.0694444
1 0.714453 0.3 0.0164062 0.0277778
3 0.0886719 0.39375 0.0164062 0.0652778
1 0.498828 0.0909722 0.0132813 0.0625
1 0.516797 0.0930556 0.0164062 0.0611111
2 0.921094 0.243056 0.015625 0.0583333
2 0.692578 0.213889 0.0304688 0.0194444
3 0.111719 0.393056 0.0171875 0.0833333
2 0.698828 0.124306 0.0320312 0.0208333
7 0.584375 0.350694 0.021875 0.0402778
7 0.267188 0.369444 0.059375 0.0555556
2 0.560156 0.106944 0.025 0.0444444
3 0.0699219 0.549306 0.117969 0.423611
7 0.332422 0.415972 0.0992187 0.179167
7 0.210938 0.515278 0.253125 0.263889
7 0.904297 0.463889 0.191406 0.136111
7 0.477344 0.486111 0.248437 0.4
