2 0.280078 0.075 0.0117188 0.0222222
3 0.357031 0.229167 0.0125 0.0444444
7 0.489844 0.224306 0.015625 0.0263889
7 0.450391 0.225694 0.0179687 0.0236111
7 0.505078 0.223611 0.0195312 0.0333333
3 0.659766 0.232639 0.0148437 0.0625
3 0.636719 0.235417 0.015625 0.0708333
3 0.570312 0.229167 0.0140625 0.0583333
2 0.650781 0.0180556 0.0296875 0.0361111
7 0.474219 0.227083 0.0234375 0.0375
3 0.615234 0.238889 0.0179687 0.0666667
2 0.277734 0.111806 0.0320312 0.0597222
3 0.211719 0.240278 0.0265625 0.0972222
7 0.526563 0.227778 0.03125 0.0555556
