2 0.416406 0.415278 0.0078125 0.0166667
1 0.433984 0.382639 0.00703125 0.0236111
2 0.555469 0.427083 0.015625 0.0208333
2 0.807422 0.2375 0.0335938 0.0416667
2 0.0582031 0.416667 0.0414063 0.0361111
7 0.00898437 0.5625 0.0179687 0.119444
1 0.154297 0.393056 0.0132813 0.0416667
7 0.30625 0.495833 0.0390625 0.05
1 0.812109 0.1375 0.0429688 0.127778
7 0.450391 0.495139 0.0179687 0.0291667
7 0.425 0.501389 0.04375 0.0805556
7 0.158203 0.536806 0.0710938 0.0680556
7 0.360547 0.490278 0.0585938 0.108333
2 0.796875 0.318056 0.0640625 0.108333
7 0.280469 0.542361 0.0984375 0.115278
