3 0.0660156 0.519444 0.0148437 0.0305556
3 0.0871094 0.515972 0.0132813 0.0347222
7 0.114063 0.536806 0.075 0.0847222
8 0.111328 0.538194 0.0226563 0.0930556
4 0.113281 0.561111 0.025 0.0555556
3 0.748438 0.515278 0.015625 0.075
1 0.794531 0.404167 0.0140625 0.0361111
5 0.402344 0.493056 0.04375 0.0972222
3 0.963672 0.511111 0.0226563 0.0916667
1 0.830469 0.400694 0.021875 0.0375
3 0.736328 0.515278 0.0132813 0.075
7 0.585547 0.525694 0.0210938 0.0541667
3 0.881641 0.515972 0.0257812 0.129167
1 0.5875 0.134028 0.01875 0.0763889
3 0.830078 0.524306 0.0351562 0.148611
3 0.858594 0.511806 0.028125 0.134722
1 0.566016 0.13125 0.0164062 0.0791667
2 0.805469 0.297917 0.0375 0.0236111
0 0.299609 0.476389 0.164844 0.205556
3 0.910547 0.506944 0.0273438 0.125
3 0.941406 0.534028 0.0359375 0.140278
3 0.990234 0.525 0.0195312 0.15
7 0.6125 0.522222 0.053125 0.0722222
7 0.171484 0.540278 0.102344 0.0972222
7 0.670703 0.528472 0.0867188 0.101389
7 0.477344 0.563194 0.19375 0.254167
