7 0.369141 0.286806 0.0148437 0.0180556
2 0.614062 0.143056 0.021875 0.0166667
1 0.623047 0.2125 0.0257812 0.0361111
1 0.147656 0.1875 0.0234375 0.0277778
2 0.171094 0.122917 0.0109375 0.0180556
7 0.987109 0.409722 0.0257812 0.208333
1 0.474609 0.0354167 0.0117188 0.0597222
2 0.148438 0.130556 0.028125 0.0194444
1 0.16875 0.0708333 0.0140625 0.0527778
1 0.488281 0.0319444 0.0140625 0.0611111
1 0.501953 0.0333333 0.0132813 0.0583333
7 0.301562 0.283333 0.0359375 0.05
7 0.471875 0.296528 0.0265625 0.0319444
7 0.257422 0.297222 0.0445312 0.05
7 0.280469 0.290278 0.03125 0.0472222
7 0.35 0.283333 0.025 0.0361111
7 0.552344 0.321528 0.0671875 0.0625
7 0.435547 0.297917 0.0398437 0.0597222
7 0.153516 0.323611 0.208594 0.152778
