7 0.428125 0.681944 0.0171875 0.025
7 0.438672 0.683333 0.0148437 0.025
7 0.448828 0.684722 0.0164062 0.0277778
7 0.420703 0.68125 0.0195312 0.0291667
7 0.401172 0.679167 0.0210938 0.0388889
2 0.294922 0.626389 0.0242187 0.0416667
2 0.370313 0.63125 0.015625 0.0319444
2 0.342578 0.609028 0.0179687 0.0319444
7 0.378516 0.675 0.0257812 0.0527778
7 0.353125 0.677083 0.0390625 0.0652778
2 0.297656 0.584028 0.025 0.0430556
7 0.30625 0.675694 0.0640625 0.0791667
7 0.478125 0.711806 0.0609375 0.0986111
7 0.164062 0.665972 0.1375 0.148611
