7 0.113281 0.495833 0.0328125 0.0138889
7 0.1625 0.510417 0.040625 0.0430556
1 0.00898437 0.436111 0.0117188 0.0277778
7 0.0609375 0.479861 0.08125 0.0486111
7 0.275781 0.54375 0.0515625 0.0986111
7 0.507812 0.534722 0.0484375 0.0611111
7 0.0425781 0.506944 0.0648438 0.05
2 0.0105469 0.399306 0.0210938 0.0375
7 0.922266 0.713194 0.155469 0.298611
7 0.0441406 0.564583 0.0445312 0.109722
7 0.233203 0.552778 0.0320312 0.0666667
2 0.583203 0.433333 0.0585938 0.0611111
7 0.0214844 0.592361 0.0429688 0.270833
7 0.191016 0.560417 0.0710938 0.1125
7 0.109766 0.573611 0.105469 0.158333
7 0.646484 0.654167 0.272656 0.338889
7 0.408594 0.670139 0.364062 0.365278
