7 0.392969 0.473611 0.0125 0.0222222
1 0.41875 0.44375 0.0078125 0.0180556
2 0.821484 0.264583 0.0273438 0.0680556
7 0.371094 0.473611 0.0265625 0.0277778
7 0.379687 0.474306 0.0171875 0.0263889
2 0.926562 0.0965278 0.065625 0.0763889
1 0.447656 0.414583 0.0078125 0.0291667
7 0.258594 0.4625 0.0234375 0.075
1 0.332031 0.422222 0.009375 0.0222222
7 0.439453 0.475694 0.0148437 0.0375
7 0.8125 0.45 0.0578125 0.105556
7 0.526172 0.465278 0.0195312 0.0388889
2 0.477344 0.428472 0.0140625 0.0319444
7 0.456641 0.471528 0.0304688 0.0541667
7 0.407813 0.478472 0.0234375 0.0319444
7 0.224219 0.475694 0.053125 0.0652778
7 0.0535156 0.489583 0.100781 0.0902778
7 0.492969 0.480556 0.0546875 0.0694444
7 0.884375 0.452083 0.148438 0.143056
7 0.156641 0.486111 0.100781 0.0944444
7 0.301562 0.470833 0.084375 0.113889
7 0.657812 0.455556 0.265625 0.383333
