2 0.444141 0.347917 0.0164062 0.0263889
1 0.505078 0.410417 0.0117188 0.0208333
3 0.880859 0.490278 0.0226563 0.1
7 0.558594 0.465278 0.015625 0.025
2 0.559375 0.411806 0.0171875 0.0180556
7 0.572266 0.471528 0.0164062 0.0208333
1 0.399609 0.327778 0.0101562 0.0388889
1 0.863281 0.370833 0.0171875 0.0388889
3 0.992969 0.482639 0.0140625 0.0763889
1 0.601562 0.278472 0.0109375 0.0402778
2 0.724609 0.365278 0.0226563 0.0416667
1 0.589844 0.278472 0.0109375 0.0430556
7 0.978906 0.576389 0.0421875 0.280556
2 0.861719 0.320139 0.021875 0.0486111
3 0.971484 0.501389 0.0273438 0.105556
