2 0.49375 0.4375 0.0265625 0.0194444
7 0.534375 0.500694 0.0140625 0.0319444
2 0.453125 0.459028 0.015625 0.0180556
7 0.483594 0.493056 0.0109375 0.0194444
7 0.436328 0.489583 0.0101562 0.0152778
7 0.541016 0.500694 0.0164062 0.0375
7 0.528906 0.501389 0.0140625 0.0305556
7 0.342187 0.496528 0.0140625 0.0347222
7 0.521875 0.5 0.0125 0.0277778
7 0.325 0.497917 0.0296875 0.0375
2 0.0402344 0.422222 0.0164062 0.0361111
7 0.473828 0.497917 0.0148437 0.0236111
7 0.455078 0.497222 0.0148437 0.0222222
7 0.355859 0.5 0.0195312 0.025
7 0.556641 0.504167 0.0257812 0.0388889
7 0.575781 0.502778 0.025 0.0527778
7 0.371875 0.499306 0.0171875 0.0236111
7 0.598437 0.503472 0.046875 0.0652778
7 0.278516 0.497917 0.0601562 0.0597222
7 0.639844 0.511111 0.065625 0.0916667
7 0.0226563 0.505556 0.0453125 0.133333
7 0.112109 0.506944 0.0960938 0.0805556
7 0.692969 0.530556 0.0984375 0.1
7 0.932031 0.571528 0.135937 0.270833
7 0.835547 0.554861 0.174219 0.179167
