7 0.546094 0.71875 0.0125 0.0152778
2 0.311328 0.501389 0.0210938 0.0388889
2 0.365234 0.573611 0.0148437 0.0222222
2 0.516406 0.658333 0.0109375 0.0194444
7 0.533203 0.718056 0.0148437 0.0194444
7 0.645312 0.708333 0.021875 0.0361111
7 0.662891 0.704861 0.0210938 0.0486111
2 0.365234 0.600694 0.0148437 0.0319444
7 0.636719 0.704861 0.028125 0.0430556
7 0.560156 0.716667 0.0125 0.0166667
7 0.516016 0.710417 0.0195312 0.0347222
7 0.605078 0.713889 0.0195312 0.0333333
7 0.495313 0.710417 0.03125 0.0375
7 0.467187 0.703472 0.0296875 0.0513889
2 0.311719 0.449306 0.040625 0.0597222
7 0.438281 0.692361 0.0390625 0.0736111
7 0.705469 0.686806 0.071875 0.0930556
7 0.390625 0.691667 0.0921875 0.0861111
0 0.868359 0.5 0.263281 1
0 0.853906 0.495139 0.292188 0.609722
