7 0.117969 0.449306 0.0203125 0.0402778
1 0.317969 0.346528 0.0078125 0.0236111
7 0.348047 0.395833 0.0164062 0.0222222
7 0.288281 0.411806 0.0140625 0.0236111
7 0.141797 0.443056 0.0351562 0.0361111
7 0.102734 0.45 0.0476562 0.0416667
7 0.202734 0.432639 0.0226563 0.0291667
7 0.459375 0.388889 0.0203125 0.05
7 0.504687 0.402083 0.03125 0.0652778
7 0.479297 0.39375 0.0367187 0.0597222
7 0.546484 0.392361 0.0710938 0.118056
7 0.603125 0.395833 0.0953125 0.133333
5 0.244531 0.394444 0.0640625 0.0722222
7 0.315625 0.428472 0.059375 0.0791667
7 0.396094 0.415278 0.0828125 0.138889
7 0.0710938 0.571528 0.142188 0.3625
