3 0.182812 0.360417 0.0125 0.0569444
7 0.29375 0.351389 0.0375 0.0555556
7 0.988672 0.424306 0.0210938 0.0347222
3 0.673828 0.424306 0.0164062 0.0541667
7 0.979688 0.423611 0.01875 0.0361111
7 0.268359 0.354167 0.0210938 0.0444444
2 0.739844 0.427778 0.0125 0.0611111
2 0.834766 0.296528 0.0195312 0.0513889
5 0.295703 0.346528 0.0398437 0.0652778
2 0.158203 0.279861 0.0242187 0.0180556
1 0.160547 0.251389 0.0101562 0.0416667
1 0.521094 0.329861 0.015625 0.0236111
7 0.804297 0.428472 0.0242187 0.0541667
7 0.866016 0.414583 0.0507812 0.0680556
3 0.470313 0.400694 0.0171875 0.0708333
1 0.800391 0.171528 0.0132813 0.0513889
7 0.965625 0.425 0.0234375 0.0361111
1 0.216016 0.0236111 0.0179687 0.0472222
7 0.948828 0.427083 0.0226563 0.0375
3 0.212109 0.374306 0.0179687 0.0763889
1 0.239453 0.0277778 0.0226563 0.0527778
2 0.738281 0.283333 0.025 0.0583333
7 0.834375 0.425694 0.0515625 0.0569444
7 0.755078 0.426389 0.0820312 0.0722222
7 0.911328 0.420139 0.0585938 0.0625
7 0.385156 0.4 0.0703125 0.119444
