5 0.332812 0.559722 0.0453125 0.0777778
2 0.378125 0.539583 0.0140625 0.0263889
7 0.466016 0.558333 0.0164062 0.0277778
7 0.333203 0.559028 0.0460938 0.0791667
7 0.810156 0.553472 0.0609375 0.0486111
7 0.443359 0.563194 0.0164062 0.0263889
5 0.160547 0.600694 0.102344 0.115278
7 0.280469 0.579861 0.0296875 0.0569444
2 0.986328 0.286806 0.0273438 0.0541667
7 0.3625 0.570139 0.01875 0.0430556
7 0.411719 0.564583 0.0203125 0.0347222
7 0.221875 0.592361 0.053125 0.0680556
7 0.0519531 0.595139 0.103906 0.1375
7 0.312891 0.58125 0.0429688 0.0569444
7 0.253125 0.584028 0.046875 0.0597222
7 0.660547 0.558333 0.0835937 0.0555556
