7 0.472266 0.390972 0.0101562 0.0208333
7 0.559766 0.382639 0.0257812 0.0152778
2 0.530078 0.346528 0.0101562 0.0208333
2 0.526563 0.267361 0.01875 0.0125
7 0.346094 0.418056 0.0203125 0.0277778
7 0.483984 0.396528 0.0210938 0.0319444
7 0.505859 0.404861 0.0273438 0.0458333
7 0.0171875 0.516667 0.034375 0.161111
7 0.534766 0.413889 0.0460938 0.0694444
2 0.513281 0.302083 0.05 0.0597222
7 0.0863281 0.470139 0.111719 0.104167
7 0.576563 0.439583 0.090625 0.109722
0 0.814062 0.315972 0.370313 0.431944
7 0.217969 0.447917 0.15 0.129167
7 0.414453 0.509028 0.185156 0.259722
