4 0.891016 0.54375 0.0757812 0.120833
7 0.673047 0.465278 0.0601562 0.0638889
8 0.907031 0.511806 0.0359375 0.156944
4 0.918359 0.552778 0.0664062 0.127778
7 0.328516 0.464583 0.0226563 0.0430556
2 0.712891 0.333333 0.0257812 0.0611111
7 0.441797 0.468056 0.0164062 0.025
4 0.956641 0.536111 0.0867188 0.186111
4 0.846875 0.539583 0.0640625 0.106944
3 0.634375 0.477778 0.021875 0.0944444
0 0.470313 0.452083 0.0421875 0.0625
7 0.423438 0.476389 0.0234375 0.0444444
7 0.46875 0.476389 0.0296875 0.0416667
7 0.40625 0.478472 0.021875 0.0569444
7 0.0375 0.474306 0.075 0.115278
7 0.507422 0.481944 0.0570313 0.0944444
7 0.368359 0.479167 0.0726563 0.111111
7 0.107813 0.486111 0.075 0.0666667
7 0.252734 0.494444 0.166406 0.211111
