7 0.481641 0.491667 0.0117188 0.025
7 0.559766 0.508333 0.0117188 0.025
7 0.451953 0.495139 0.0210938 0.0208333
5 0.582812 0.515278 0.0453125 0.0666667
7 0.386719 0.486806 0.0203125 0.0263889
7 0.504687 0.486111 0.040625 0.0388889
7 0.424609 0.485417 0.0273438 0.0347222
7 0.55 0.513889 0.01875 0.0333333
7 0.408203 0.490972 0.0398437 0.0319444
7 0.686328 0.521528 0.0445312 0.0875
7 0.2125 0.477083 0.0734375 0.0486111
7 0.353125 0.480556 0.05625 0.0472222
7 0.0183594 0.445139 0.0367187 0.104167
7 0.274609 0.472917 0.110156 0.0597222
7 0.10625 0.465972 0.115625 0.0652778
7 0.513672 0.540972 0.0757812 0.104167
7 0.930859 0.580556 0.0882813 0.141667
7 0.636719 0.532639 0.0828125 0.118056
7 0.808984 0.60625 0.222656 0.234722
