7 0.415234 0.332639 0.0132813 0.0208333
7 0.379687 0.320139 0.009375 0.0152778
7 0.371875 0.329861 0.0125 0.0152778
7 0.366797 0.33125 0.0101562 0.0152778
7 0.334766 0.341667 0.0132813 0.025
7 0.419922 0.338194 0.0148437 0.0263889
7 0.329688 0.342361 0.0125 0.0263889
7 0.339063 0.3375 0.0140625 0.025
2 0.166016 0.320833 0.0148437 0.0388889
7 0.396484 0.330556 0.0117188 0.0166667
7 0.426953 0.34375 0.0210938 0.0291667
7 0.317187 0.346528 0.0234375 0.0319444
7 0.355078 0.343056 0.0210938 0.0333333
7 0.275781 0.398611 0.028125 0.0444444
7 0.257031 0.400694 0.025 0.0513889
7 0.232031 0.401389 0.0375 0.0638889
7 0.444922 0.394444 0.0429688 0.0638889
7 0.854688 0.545139 0.290625 0.665278
7 0.192969 0.411111 0.0734375 0.0722222
7 0.483984 0.416667 0.0679687 0.0833333
7 0.0535156 0.424306 0.107031 0.159722
7 0.605469 0.466667 0.198437 0.225
