7 0.294922 0.45 0.0132813 0.0361111
7 0.3375 0.438194 0.0125 0.0152778
1 0.359766 0.375 0.00703125 0.0194444
1 0.366406 0.391667 0.0078125 0.0166667
1 0.355859 0.375 0.00703125 0.0194444
1 0.405469 0.384028 0.00625 0.0180556
1 0.4 0.385417 0.00625 0.0180556
7 0.434375 0.445139 0.0171875 0.0430556
1 0.33125 0.394444 0.00625 0.0194444
7 0.364062 0.440972 0.009375 0.0180556
2 0.773438 0.18125 0.028125 0.0458333
7 0.424219 0.443056 0.015625 0.0361111
5 0.316406 0.435417 0.03125 0.0569444
7 0.300391 0.448611 0.0164062 0.0361111
7 0.612891 0.421528 0.0773437 0.0347222
1 0.426172 0.368056 0.00703125 0.0222222
2 0.530078 0.350694 0.0101562 0.0180556
7 0.372266 0.442361 0.0101562 0.0208333
7 0.411719 0.440972 0.015625 0.0263889
7 0.442187 0.451389 0.0234375 0.0472222
2 0.489062 0.34375 0.015625 0.0347222
7 0.280078 0.451389 0.0320312 0.0444444
7 0.199219 0.457639 0.0359375 0.0958333
7 0.222656 0.461111 0.0296875 0.0666667
7 0.390625 0.439583 0.03125 0.0513889
7 0.248437 0.456944 0.0390625 0.0527778
7 0.0308594 0.508333 0.0617188 0.175
7 0.482422 0.441667 0.0710938 0.136111
7 0.527734 0.488889 0.0851562 0.119444
7 0.129688 0.463194 0.121875 0.131944
7 0.622656 0.531944 0.182812 0.202778
