2 0.43125 0.482639 0.009375 0.0152778
2 0.430859 0.472917 0.0101562 0.0263889
3 0.785937 0.583333 0.0171875 0.102778
2 0.444922 0.470139 0.0101562 0.0208333
3 0.942969 0.574306 0.0234375 0.0958333
3 0.543359 0.554861 0.0179687 0.0930556
8 0.267578 0.528472 0.0179687 0.0569444
7 0.380469 0.515278 0.009375 0.0166667
6 0.272656 0.548611 0.028125 0.05
3 0.608594 0.554861 0.0171875 0.0902778
3 0.767969 0.584028 0.01875 0.109722
2 0.313672 0.222222 0.0148437 0.0222222
2 0.0109375 0.430556 0.021875 0.0333333
7 0.389844 0.516667 0.0140625 0.0222222
3 0.754687 0.584028 0.028125 0.1125
2 0.483203 0.481944 0.0195312 0.0361111
1 0.3125 0.270833 0.0203125 0.075
3 0.724609 0.581944 0.0242187 0.108333
3 0.689844 0.580556 0.0265625 0.113889
7 0.415234 0.547917 0.0429688 0.0736111
3 0.976172 0.596528 0.0476562 0.220833
