7 0.740234 0.473611 0.0210938 0.025
7 0.532422 0.461806 0.0304688 0.0430556
7 0.936719 0.497917 0.01875 0.0430556
7 0.951563 0.496528 0.015625 0.0375
7 0.650781 0.473611 0.021875 0.0305556
2 0.594141 0.380556 0.0164062 0.0277778
7 0.674609 0.470833 0.0273438 0.0333333
7 0.917578 0.498611 0.0335938 0.0472222
7 0.844531 0.5 0.0359375 0.075
2 0.592578 0.331944 0.0179687 0.0527778
7 0.776953 0.484722 0.0460938 0.075
7 0.559766 0.476389 0.0632813 0.0611111
7 0.879687 0.497222 0.0546875 0.075
7 0.621875 0.48125 0.0515625 0.0486111
7 0.804297 0.509028 0.0757812 0.0958333
7 0.710156 0.485417 0.0625 0.0680556
7 0.236328 0.476389 0.167969 0.0916667
7 0.453125 0.5 0.159375 0.205556
