2 0.232422 0.478472 0.0226563 0.0263889
3 0.572656 0.6125 0.0125 0.0916667
3 0.601953 0.616667 0.0164062 0.102778
1 0.616406 0.484028 0.0125 0.0402778
3 0.838281 0.625694 0.0234375 0.104167
5 0.0382813 0.542361 0.0734375 0.0986111
1 0.371484 0.338194 0.0148437 0.0430556
2 0.637891 0.405556 0.0179687 0.0333333
2 0.478516 0.499306 0.0226563 0.0680556
1 0.636719 0.466667 0.0203125 0.0888889
3 0.538281 0.620139 0.01875 0.0986111
3 0.560547 0.618056 0.0195312 0.102778
3 0.585156 0.626389 0.0234375 0.111111
3 0.682031 0.638194 0.0203125 0.123611
0 0.358594 0.580556 0.192188 0.155556
3 0.826953 0.663194 0.0335938 0.1375
3 0.717578 0.642361 0.0257812 0.140278
3 0.660156 0.628472 0.03125 0.123611
3 0.771484 0.654167 0.0320312 0.138889
2 0.45 0.261111 0.0625 0.172222
7 0.280078 0.6125 0.0695312 0.0972222
7 0.0363281 0.634028 0.0726563 0.184722
2 0.303906 0.202778 0.204688 0.233333
2 0.0972656 0.1375 0.194531 0.275
7 0.159375 0.667361 0.220313 0.268056
