7 0.548047 0.354167 0.0179687 0.0222222
1 0.513672 0.309722 0.00859375 0.0194444
2 0.714063 0.176389 0.015625 0.0166667
2 0.314453 0.305556 0.0164062 0.0138889
1 0.405078 0.211111 0.00859375 0.0305556
2 0.675 0.216667 0.0109375 0.025
7 0.507812 0.359028 0.015625 0.0208333
2 0.56875 0.3125 0.0109375 0.025
1 0.334375 0.316667 0.0125 0.0194444
1 0.489844 0.233333 0.0078125 0.0277778
1 0.586719 0.303472 0.0109375 0.0180556
2 0.297266 0.284722 0.0195312 0.0138889
7 0.529688 0.359028 0.03125 0.0208333
1 0.496875 0.232639 0.0078125 0.0291667
1 0.284375 0.302778 0.0171875 0.0222222
2 0.675781 0.256944 0.01875 0.0333333
2 0.579687 0.274306 0.015625 0.0125
2 0.723437 0.163194 0.0265625 0.0180556
1 0.398047 0.213194 0.00703125 0.0291667
1 0.709375 0.26875 0.01875 0.0319444
2 0.680859 0.188889 0.0179687 0.025
2 0.7375 0.204861 0.0265625 0.0263889
7 0.491406 0.359722 0.021875 0.0277778
7 0.236328 0.373611 0.0445312 0.0527778
7 0.26875 0.373611 0.059375 0.0444444
7 0.688281 0.354861 0.0671875 0.0541667
