7 0.535156 0.395833 0.028125 0.0472222
7 0.416406 0.378472 0.0109375 0.0208333
7 0.279687 0.356944 0.0609375 0.0388889
7 0.409766 0.375694 0.0117188 0.0180556
7 0.466016 0.384028 0.0132813 0.0263889
7 0.472656 0.392361 0.0140625 0.0402778
7 0.425781 0.379861 0.015625 0.0263889
7 0.397656 0.375 0.015625 0.0222222
7 0.330078 0.375 0.0289063 0.0416667
7 0.490234 0.389583 0.0351562 0.0513889
7 0.382422 0.384028 0.0195312 0.0458333
7 0.542188 0.411111 0.028125 0.075
7 0.600781 0.435417 0.08125 0.1125
7 0.502734 0.399306 0.0398437 0.0513889
7 0.578906 0.409028 0.078125 0.118056
7 0.354688 0.388889 0.0484375 0.0666667
7 0.444531 0.404861 0.05 0.0708333
7 0.887109 0.533333 0.225781 0.452778
7 0.657031 0.454861 0.120312 0.145833
7 0.757031 0.486806 0.18125 0.215278
