7 0.525781 0.3625 0.0125 0.0277778
2 0.343359 0.327083 0.0164062 0.0347222
5 0.472266 0.336806 0.0335938 0.0597222
2 0.360547 0.327778 0.0164062 0.025
7 0.299609 0.358333 0.0179687 0.0138889
7 0.334375 0.360417 0.0171875 0.0152778
7 0.269531 0.356944 0.028125 0.0166667
7 0.807422 0.3375 0.353906 0.452778
7 0.230859 0.357639 0.0257812 0.0180556
7 0.983984 0.414583 0.0320312 0.2375
7 0.41875 0.370139 0.015625 0.0486111
5 0.501953 0.357639 0.0289063 0.0597222
7 0.488672 0.372222 0.0320312 0.0472222
7 0.133594 0.348611 0.0734375 0.0472222
7 0.446484 0.384028 0.0570313 0.0875
7 0.555469 0.389583 0.078125 0.0958333
