3 0.0808594 0.401389 0.0226563 0.130556
1 0.380859 0.316667 0.00859375 0.0194444
3 0.111328 0.401389 0.0226563 0.127778
7 0.36875 0.376389 0.021875 0.0722222
2 0.967578 0.126389 0.0304688 0.025
7 0.38125 0.3625 0.025 0.0583333
3 0.640625 0.35 0.0109375 0.0194444
7 0.398828 0.364583 0.0148437 0.0347222
3 0.366797 0.38125 0.0179687 0.0819444
1 0.414453 0.303472 0.00859375 0.0236111
2 0.224219 0.251389 0.0265625 0.0166667
2 0.657422 0.183333 0.0226563 0.0166667
1 0.672656 0.306944 0.015625 0.025
2 0.946875 0.05625 0.0328125 0.0347222
3 0.675781 0.371528 0.0171875 0.0541667
1 0.209375 0.302778 0.0171875 0.0277778
3 0.687109 0.378472 0.0132813 0.0625
2 0.227734 0.275694 0.0257812 0.0375
3 0.0925781 0.420139 0.0335938 0.165278
1 0.338672 0.126389 0.0132813 0.0555556
1 0.511719 0.203472 0.0109375 0.0402778
1 0.922656 0.261806 0.01875 0.0402778
1 0.358203 0.130556 0.0164062 0.0638889
1 0.23125 0.175 0.0125 0.0555556
2 0.94375 0.0930556 0.0515625 0.0305556
1 0.962109 0.255556 0.0320312 0.0472222
7 0.343359 0.375 0.0476562 0.0888889
2 0.592578 0.214583 0.0242187 0.0347222
3 0.139453 0.394444 0.0210938 0.0833333
1 0.112109 0.08125 0.0226563 0.0736111
2 0.65625 0.254861 0.025 0.0375
3 0.75625 0.397222 0.0203125 0.0888889
7 0.561328 0.379167 0.0429688 0.0666667
7 0.189844 0.409722 0.059375 0.108333
7 0.85625 0.384028 0.1 0.0986111
3 0.797266 0.385417 0.0242187 0.0902778
2 0.940625 0.198611 0.0578125 0.0722222
7 0.508984 0.381944 0.0226563 0.0527778
7 0.939453 0.365972 0.121094 0.173611
7 0.276172 0.430556 0.149219 0.211111
7 0.455859 0.402778 0.0960938 0.172222
7 0.616797 0.425 0.161719 0.255556
