2 0.372656 0.51875 0.0140625 0.0430556
7 0.542188 0.616667 0.028125 0.0305556
1 0.539844 0.565972 0.00625 0.0180556
7 0.539844 0.614583 0.0125 0.0291667
1 0.394531 0.533333 0.0125 0.0277778
2 0.902344 0.438194 0.0296875 0.0430556
1 0.528125 0.565278 0.00625 0.0194444
2 0.408594 0.629167 0.0140625 0.0333333
1 0.235938 0.590972 0.0140625 0.0208333
2 0.905078 0.477778 0.0273438 0.0333333
2 0.692578 0.5 0.0132813 0.0138889
1 0.412109 0.532639 0.0117188 0.0263889
7 0.534375 0.620139 0.015625 0.0347222
1 0.00429688 0.577083 0.00859375 0.0263889
1 0.585938 0.469444 0.009375 0.0388889
2 0.331641 0.551389 0.0273438 0.0305556
1 0.576953 0.470833 0.0101562 0.0416667
7 0.55 0.614583 0.0140625 0.0319444
7 0.0128906 0.698611 0.0257812 0.0777778
2 0.665625 0.554167 0.0171875 0.0222222
2 0.314063 0.472222 0.0171875 0.0333333
1 0.326172 0.474306 0.0117188 0.0486111
1 0.339063 0.473611 0.0125 0.0444444
1 0.244922 0.519444 0.0117188 0.0444444
1 0.498047 0.425694 0.0117188 0.0513889
2 0.279687 0.563889 0.0234375 0.0222222
2 0.407031 0.574306 0.021875 0.0375
2 0.686719 0.527083 0.0203125 0.0319444
1 0.00742187 0.40625 0.0148437 0.0791667
2 0.85625 0.441667 0.040625 0.0638889
2 0.404297 0.481944 0.0304688 0.05
7 0.647656 0.6125 0.05625 0.0666667
7 0.573047 0.620139 0.0445312 0.0708333
7 0.155859 0.686806 0.155469 0.259722
7 0.9625 0.651389 0.075 0.211111
7 0.480859 0.659722 0.114844 0.191667
7 0.803125 0.648611 0.276563 0.325
