2 0.504687 0.429167 0.009375 0.0166667
7 0.574219 0.448611 0.0140625 0.0222222
7 0.542578 0.458333 0.0132813 0.0305556
1 0.530469 0.380556 0.00625 0.0222222
1 0.527734 0.379167 0.00859375 0.0222222
1 0.595703 0.384722 0.00859375 0.0222222
7 0.641016 0.460417 0.0570313 0.0986111
1 0.523047 0.379167 0.00703125 0.0222222
7 0.433203 0.471528 0.0226563 0.0319444
5 0.641016 0.461111 0.0570313 0.102778
7 0.532422 0.459722 0.0179687 0.0305556
7 0.585938 0.453472 0.015625 0.0291667
2 0.642187 0.40625 0.0109375 0.0180556
2 0.753125 0.36875 0.0171875 0.0736111
0 0.464453 0.434722 0.0695312 0.0611111
7 0.501562 0.489583 0.0328125 0.0680556
7 0.558594 0.463889 0.0265625 0.0361111
7 0.600391 0.469444 0.0304688 0.0472222
2 0.748828 0.261111 0.0273438 0.0722222
7 0.679688 0.463194 0.084375 0.0902778
7 0.522266 0.482639 0.0335938 0.0597222
7 0.410937 0.494444 0.0421875 0.075
7 0.212891 0.536806 0.0757812 0.143056
7 0.790234 0.65625 0.419531 0.495833
7 0.464453 0.510417 0.0835937 0.104167
7 0.090625 0.575 0.18125 0.280556
7 0.299609 0.559028 0.216406 0.251389
