2 0.546875 0.361111 0.0109375 0.0166667
7 0.453516 0.427778 0.0101562 0.0222222
7 0.228516 0.439583 0.0273438 0.0402778
7 0.0367187 0.434028 0.0734375 0.0541667
7 0.517578 0.457639 0.0320312 0.0625
7 0.470313 0.438889 0.0171875 0.0333333
7 0.478906 0.440972 0.0171875 0.0402778
7 0.486719 0.442361 0.01875 0.0513889
7 0.915234 0.6375 0.169531 0.561111
7 0.256641 0.438889 0.0226563 0.0305556
7 0.467187 0.429167 0.021875 0.0388889
7 0.436719 0.434028 0.0234375 0.0375
7 0.195312 0.438889 0.046875 0.0472222
2 0.177344 0.263889 0.025 0.0194444
7 0.509375 0.443056 0.046875 0.0694444
7 0.398828 0.434722 0.0273438 0.0361111
7 0.146094 0.444444 0.0421875 0.0472222
7 0.540625 0.4625 0.05 0.0833333
7 0.0972656 0.444444 0.0679687 0.0638889
7 0.567578 0.472917 0.0554687 0.109722
7 0.344922 0.454167 0.0757812 0.0916667
7 0.638281 0.485417 0.139062 0.176389
7 0.829687 0.539583 0.328125 0.379167
