2 0.445312 0.284722 0.0109375 0.0166667
2 0.551953 0.255556 0.0117188 0.0138889
2 0.530859 0.329167 0.0117188 0.0361111
2 0.540625 0.282639 0.009375 0.0180556
1 0.527344 0.288889 0.009375 0.0361111
2 0.385938 0.174306 0.0140625 0.0347222
7 0.441016 0.404167 0.0210938 0.0777778
3 0.624609 0.383333 0.0179687 0.0722222
2 0.593359 0.245833 0.0179687 0.0444444
3 0.553516 0.389583 0.0132813 0.0680556
1 0.420312 0.292361 0.01875 0.0152778
1 0.463281 0.290972 0.01875 0.0152778
2 0.591016 0.177778 0.0179687 0.0333333
7 0.389062 0.386111 0.0953125 0.169444
7 0.132812 0.335417 0.265625 0.670833
2 0.410156 0.203472 0.021875 0.0458333
2 0.496484 0.2 0.0226563 0.0472222
2 0.323047 0.207639 0.0226563 0.0486111
7 0.301172 0.44375 0.132031 0.179167
7 0.494531 0.425694 0.109375 0.176389
