3 0.538281 0.564583 0.0140625 0.0625
7 0.446094 0.567361 0.0234375 0.0402778
7 0.393359 0.565278 0.0210938 0.0416667
3 0.483594 0.572917 0.01875 0.0736111
7 0.485938 0.572917 0.071875 0.0680556
2 0.518359 0.49375 0.0132813 0.0347222
1 0.475781 0.316667 0.021875 0.025
2 0.403516 0.483333 0.0304688 0.0277778
2 0.404297 0.453472 0.0195312 0.0291667
2 0.734375 0.454861 0.0234375 0.0236111
2 0.403516 0.536111 0.0164062 0.0277778
7 0.420312 0.56875 0.034375 0.0486111
7 0.284375 0.569444 0.025 0.0527778
2 0.307422 0.301389 0.0257812 0.0444444
7 0.261328 0.570139 0.0351562 0.0625
2 0.502344 0.315972 0.025 0.0430556
7 0.233203 0.573611 0.0476562 0.0833333
7 0.199219 0.576389 0.0484375 0.0972222
2 0.330078 0.557639 0.0679687 0.1375
7 0.608203 0.577778 0.0882813 0.0972222
7 0.771484 0.613194 0.308594 0.301389
7 0.136719 0.575 0.101562 0.130556
7 0.939062 0.615278 0.121875 0.2
7 0.0582031 0.59375 0.116406 0.184722
