2 0.415625 0.451389 0.0140625 0.0166667
8 0.13125 0.527083 0.0171875 0.0652778
1 0.119141 0.395139 0.00859375 0.0430556
1 0.101562 0.45 0.015625 0.0277778
3 0.13125 0.527083 0.0171875 0.0652778
1 0.535547 0.445833 0.00703125 0.0194444
0 0.633203 0.504167 0.127344 0.158333
1 0.433984 0.447222 0.00703125 0.0194444
1 0.516016 0.44375 0.00703125 0.0208333
3 0.170703 0.519444 0.0101562 0.05
1 0.215625 0.452083 0.0078125 0.0263889
3 0.165234 0.517361 0.0117188 0.0569444
7 0.529297 0.518056 0.0148437 0.0333333
0 0.675391 0.445833 0.210156 0.294444
2 0.220703 0.419444 0.0132813 0.0222222
2 0.51875 0.363194 0.0125 0.0236111
3 0.198437 0.522222 0.0125 0.05
1 0.278125 0.245833 0.01875 0.0666667
1 0.505469 0.363194 0.0109375 0.0375
5 0.503516 0.5 0.0367187 0.0916667
2 0.117188 0.240972 0.0359375 0.0569444
3 0.953125 0.549306 0.0265625 0.0986111
7 0.563281 0.535417 0.028125 0.0597222
7 0.548047 0.524306 0.0351562 0.0597222
7 0.460938 0.535417 0.103125 0.159722
7 0.730078 0.575 0.283594 0.261111
