1 0.432422 0.452778 0.00703125 0.0194444
2 0.5875 0.402083 0.0140625 0.0458333
7 0.426172 0.510417 0.0132813 0.0208333
7 0.776953 0.478472 0.0351562 0.0652778
7 0.473828 0.505556 0.0148437 0.025
7 0.368359 0.524306 0.0164062 0.0319444
2 0.564453 0.420833 0.0195312 0.0444444
7 0.414453 0.520139 0.0210938 0.0375
7 0.6 0.500694 0.04375 0.0513889
7 0.246875 0.556944 0.04375 0.0833333
7 0.392188 0.526389 0.0375 0.0611111
7 0.450781 0.525 0.046875 0.0777778
7 0.311719 0.548611 0.0984375 0.133333
7 0.128906 0.625694 0.257812 0.3375
