2 0.735937 0.319444 0.0109375 0.0472222
2 0.583984 0.325694 0.0101562 0.0180556
3 0.671484 0.400694 0.0117188 0.0208333
8 0.326562 0.433333 0.0140625 0.05
2 0.996484 0.200694 0.00703125 0.0902778
4 0.325781 0.450694 0.0125 0.0347222
2 0.0367187 0.286806 0.0265625 0.0152778
2 0.320703 0.390278 0.0117188 0.0222222
3 0.279297 0.43125 0.0117188 0.0513889
3 0.570312 0.438194 0.015625 0.0819444
7 0.346094 0.434722 0.0234375 0.0861111
2 0.599609 0.250694 0.0210938 0.0152778
3 0.258203 0.43125 0.0179687 0.0708333
2 0.733203 0.269444 0.0132813 0.0527778
2 0.589844 0.307639 0.028125 0.0208333
3 0.557422 0.434722 0.0132813 0.075
3 0.0992187 0.436111 0.021875 0.111111
3 0.233984 0.43125 0.0164062 0.0652778
3 0.117188 0.439583 0.0203125 0.0930556
7 0.517187 0.433333 0.05625 0.102778
7 0.893359 0.520833 0.213281 0.502778
7 0.741016 0.438194 0.250781 0.159722
7 0.423828 0.457639 0.166406 0.268056
