7 0.386328 0.552083 0.0132813 0.0125
2 0.215234 0.520833 0.0289063 0.0222222
7 0.561328 0.560417 0.0179687 0.0402778
7 0.451953 0.557639 0.0117188 0.0180556
7 0.725391 0.604861 0.0164062 0.0763889
7 0.373828 0.556944 0.0117188 0.0166667
7 0.934766 0.583333 0.130469 0.244444
7 0.511719 0.564583 0.0140625 0.0236111
7 0.494922 0.565972 0.0210938 0.0291667
7 0.342969 0.567361 0.0390625 0.0458333
7 0.467578 0.565278 0.0289063 0.0416667
7 0.426172 0.565972 0.0367187 0.0569444
7 0.535547 0.566667 0.0414063 0.0555556
7 0.641406 0.589583 0.16875 0.220833
