7 0.384766 0.523611 0.00859375 0.0166667
7 0.423047 0.515972 0.0101562 0.0152778
7 0.440234 0.513194 0.0101562 0.0180556
7 0.454297 0.507639 0.0117188 0.0152778
7 0.408203 0.51875 0.00859375 0.0152778
7 0.478906 0.519444 0.0109375 0.0194444
7 0.414453 0.513889 0.00859375 0.0138889
7 0.402344 0.520139 0.009375 0.0152778
7 0.432422 0.514583 0.0117188 0.0180556
7 0.395312 0.522917 0.0125 0.0152778
7 0.484766 0.521528 0.0101562 0.0208333
7 0.379297 0.525 0.0101562 0.0194444
7 0.494922 0.523611 0.0132813 0.0222222
7 0.985156 0.690278 0.0296875 0.219444
7 0.528516 0.535417 0.0148437 0.0319444
7 0.464844 0.521528 0.0125 0.0180556
7 0.369531 0.525694 0.015625 0.0236111
7 0.125 0.545833 0.053125 0.0416667
7 0.545703 0.538194 0.0335938 0.0375
7 0.507031 0.527778 0.01875 0.025
7 0.347266 0.531944 0.0195312 0.025
7 0.315625 0.529861 0.034375 0.0430556
7 0.743359 0.574306 0.0898438 0.134722
7 0.040625 0.586806 0.08125 0.104167
7 0.634375 0.58125 0.157813 0.204167
