3 0.551953 0.547222 0.0210938 0.075
7 0.313672 0.479861 0.0210938 0.0152778
7 0.444531 0.577778 0.0171875 0.0583333
7 0.338672 0.56875 0.0132813 0.0236111
7 0.353125 0.568056 0.0109375 0.0194444
2 0.606641 0.372917 0.0148437 0.0319444
7 0.0261719 0.622222 0.0523437 0.194444
7 0.329297 0.570833 0.0148437 0.0305556
0 0.291016 0.543056 0.0289063 0.0305556
7 0.382422 0.569444 0.0148437 0.0222222
7 0.363281 0.570139 0.0140625 0.0208333
7 0.310156 0.574306 0.025 0.0402778
7 0.29375 0.581944 0.01875 0.0527778
7 0.425 0.577083 0.03125 0.0458333
3 0.585156 0.563889 0.0171875 0.0722222
3 0.629297 0.556944 0.0195312 0.0722222
7 0.404687 0.571528 0.0265625 0.0430556
7 0.479688 0.568056 0.0703125 0.105556
7 0.271484 0.582639 0.0414063 0.0819444
7 0.215234 0.588889 0.0851562 0.127778
7 0.0957031 0.647917 0.191406 0.218056
