2 0.214844 0.375694 0.0109375 0.0236111
7 0.242969 0.414583 0.0234375 0.0236111
2 0.729688 0.308333 0.0203125 0.0638889
1 0.284375 0.3125 0.0078125 0.025
7 0.378516 0.429167 0.0148437 0.0472222
7 0.192188 0.427778 0.0140625 0.0166667
2 0.501172 0.35625 0.0195312 0.0152778
7 0.155469 0.430556 0.0140625 0.0194444
7 0.205078 0.427778 0.0148437 0.0166667
1 0.21875 0.3375 0.0078125 0.0277778
1 0.280859 0.3125 0.00703125 0.025
7 0.126953 0.438889 0.0210938 0.0222222
2 0.458594 0.320139 0.0140625 0.0208333
1 0.382422 0.3375 0.00703125 0.025
7 0.401563 0.429861 0.0171875 0.0458333
7 0.395703 0.421528 0.0273438 0.0486111
7 0.175781 0.428472 0.0234375 0.0236111
7 0.0910156 0.439583 0.0273438 0.0319444
3 0.921484 0.416667 0.0351562 0.0527778
3 0.640234 0.4125 0.0148437 0.0416667
7 0.250781 0.45625 0.0546875 0.0819444
7 0.423047 0.436806 0.0460938 0.0680556
7 0.488672 0.468056 0.0835937 0.133333
7 0.0726563 0.572917 0.145313 0.315278
7 0.322266 0.488889 0.124219 0.197222
7 0.762109 0.479167 0.196094 0.186111
7 0.910937 0.542361 0.178125 0.226389
7 0.586328 0.525 0.233594 0.233333
