2 0.1875 0.295833 0.034375 0.0333333
7 0.359766 0.416667 0.0148437 0.0166667
7 0.443359 0.414583 0.0101562 0.0180556
7 0.334375 0.416667 0.015625 0.0194444
7 0.4125 0.413889 0.009375 0.0194444
7 0.364453 0.416667 0.0101562 0.0166667
7 0.347656 0.417361 0.0140625 0.0180556
7 0.325391 0.422917 0.0148437 0.0263889
7 0.294141 0.426389 0.0210938 0.0333333
7 0.24375 0.433333 0.0328125 0.0361111
7 0.273828 0.430556 0.0320312 0.0333333
7 0.309766 0.425 0.0210938 0.0305556
7 0.403516 0.413194 0.0132813 0.0236111
7 0.215234 0.438194 0.0289063 0.0486111
7 0.172266 0.447917 0.0523437 0.0736111
7 0.454297 0.414583 0.0164062 0.0291667
7 0.423047 0.414583 0.0179687 0.0263889
2 0.188672 0.328472 0.0382813 0.0958333
7 0.119922 0.454861 0.0507812 0.0597222
7 0.381641 0.420139 0.0289063 0.0402778
7 0.0828125 0.469444 0.04375 0.0638889
7 0.0367187 0.490972 0.0734375 0.179167
