7 0.564062 0.434722 0.0109375 0.0222222
7 0.315234 0.409028 0.0164062 0.0152778
7 0.559766 0.4125 0.0101562 0.0166667
7 0.378125 0.403472 0.0109375 0.0152778
7 0.487109 0.422917 0.0101562 0.0125
7 0.808594 0.394444 0.0265625 0.025
7 0.361328 0.40625 0.0132813 0.0180556
7 0.704687 0.388194 0.034375 0.0291667
7 0.389062 0.398611 0.0109375 0.0138889
7 0.491406 0.397917 0.015625 0.0263889
7 0.371484 0.404167 0.0132813 0.0166667
7 0.398438 0.394444 0.0109375 0.0166667
2 0.899609 0.452778 0.0117188 0.0222222
7 0.428125 0.420139 0.0125 0.0125
7 0.457422 0.420139 0.0101562 0.0125
7 0.347266 0.406944 0.0148437 0.0166667
7 0.449219 0.419444 0.0109375 0.0138889
7 0.310937 0.413194 0.0171875 0.0208333
7 0.351953 0.404861 0.0117188 0.0180556
7 0.245312 0.416667 0.0328125 0.0166667
7 0.467969 0.420833 0.0125 0.0138889
7 0.361719 0.417361 0.0171875 0.0180556
7 0.438281 0.419444 0.0125 0.0138889
7 0.789453 0.396528 0.0304688 0.0291667
5 0.575391 0.406944 0.0148437 0.0333333
2 0.462109 0.461111 0.0148437 0.025
7 0.408594 0.420139 0.01875 0.0152778
2 0.85625 0.44375 0.025 0.0291667
7 0.0113281 0.417361 0.0226563 0.0263889
7 0.0320312 0.424306 0.0453125 0.0236111
7 0.330469 0.417361 0.025 0.0263889
2 0.491406 0.399306 0.015625 0.0263889
7 0.278516 0.417361 0.0210938 0.0236111
7 0.216016 0.41875 0.0242187 0.0263889
7 0.528125 0.45625 0.0578125 0.0375
7 0.574219 0.439583 0.01875 0.0291667
7 0.688281 0.460417 0.0296875 0.0486111
7 0.244141 0.43125 0.0445312 0.0291667
7 0.726562 0.392361 0.0390625 0.0375
7 0.195703 0.418056 0.0242187 0.025
7 0.54375 0.44375 0.04375 0.0597222
7 0.296875 0.423611 0.0296875 0.025
7 0.763672 0.401389 0.0476562 0.0444444
7 0.0796875 0.4375 0.0640625 0.0444444
7 0.128516 0.423611 0.0414063 0.0388889
7 0.0621094 0.506944 0.124219 0.152778
5 0.63125 0.406944 0.096875 0.188889
7 0.502734 0.618056 0.216406 0.302778
7 0.773828 0.546528 0.196094 0.245833
