2 0.928516 0.29375 0.0195312 0.0513889
7 0.985547 0.509722 0.0289063 0.05
2 0.9625 0.231944 0.034375 0.177778
7 0.66875 0.525 0.034375 0.0694444
7 0.93125 0.548611 0.135937 0.144444
7 0.621875 0.518056 0.0484375 0.075
7 0.0882813 0.548611 0.115625 0.0944444
7 0.229687 0.521528 0.0625 0.104167
7 0.414453 0.529167 0.0445312 0.0638889
7 0.171484 0.53125 0.0601562 0.0652778
7 0.467578 0.546528 0.0945313 0.154167
7 0.0699219 0.620139 0.139844 0.218056
7 0.562109 0.596528 0.158594 0.220833
7 0.777734 0.583333 0.216406 0.25
7 0.296094 0.550694 0.1625 0.184722
