2 0.643359 0.442361 0.0117188 0.0236111
2 0.636328 0.509722 0.00859375 0.0194444
7 0.351562 0.504167 0.01875 0.0138889
7 0.373828 0.505556 0.0273438 0.0138889
7 0.258984 0.5 0.0273438 0.025
7 0.322266 0.500694 0.0179687 0.0208333
2 0.614453 0.471528 0.0242187 0.0430556
7 0.410156 0.510417 0.0359375 0.0569444
2 0.775781 0.45625 0.075 0.0791667
7 0.200781 0.490972 0.0953125 0.0541667
7 0.520703 0.513889 0.0398437 0.0694444
5 0.0609375 0.452083 0.121875 0.159722
7 0.468359 0.539583 0.0789063 0.123611
