7 0.482422 0.458333 0.0117188 0.0305556
3 0.919922 0.329861 0.0179687 0.0513889
7 0.222266 0.480556 0.0335938 0.0333333
2 0.976172 0.23125 0.0132813 0.0208333
7 0.271094 0.472917 0.0296875 0.0263889
2 0.626953 0.420139 0.00703125 0.0236111
2 0.210156 0.396528 0.0140625 0.0125
2 0.0191406 0.390278 0.0164062 0.0138889
2 0.567578 0.410417 0.0148437 0.0125
2 0.637891 0.374306 0.0117188 0.0152778
7 0.388281 0.461806 0.009375 0.0180556
7 0.380469 0.463194 0.0109375 0.0180556
1 0.658594 0.409722 0.015625 0.0222222
1 0.574219 0.425694 0.0109375 0.0180556
2 0.0136719 0.400694 0.0210938 0.0125
1 0.195312 0.450694 0.0125 0.0208333
2 0.978516 0.195139 0.0304688 0.0236111
2 0.202344 0.429167 0.0171875 0.0138889
7 0.195312 0.485417 0.0390625 0.0375
2 0.194141 0.407639 0.0132813 0.0125
3 0.355469 0.477083 0.0109375 0.0430556
7 0.323438 0.477083 0.01875 0.0263889
1 0.500391 0.357639 0.00703125 0.0236111
2 0.654297 0.351389 0.0179687 0.0138889
2 0.641406 0.399306 0.0109375 0.0319444
1 0.0152344 0.44375 0.0179687 0.0236111
1 0.159375 0.321528 0.0109375 0.0347222
1 0.391406 0.35625 0.009375 0.0347222
2 0.685547 0.369444 0.0132813 0.0194444
7 0.370703 0.465278 0.0148437 0.0222222
3 0.889063 0.470833 0.0234375 0.0888889
1 0.0390625 0.361111 0.0125 0.0444444
7 0.960938 0.472222 0.078125 0.0805556
3 0.0160156 0.513194 0.0148437 0.0541667
7 0.297656 0.483333 0.0234375 0.0305556
2 0.986328 0.14375 0.0273438 0.0625
7 0.157031 0.493056 0.06875 0.0361111
7 0.5 0.46875 0.0328125 0.0513889
7 0.657031 0.496528 0.0421875 0.0736111
7 0.442187 0.481944 0.0859375 0.138889
7 0.254297 0.490278 0.0398437 0.0472222
7 0.534375 0.48125 0.05 0.0763889
7 0.598828 0.504167 0.107031 0.133333
7 0.743359 0.490972 0.141406 0.159722
