7 0.880469 0.2875 0.015625 0.0194444
7 0.865234 0.290972 0.0164062 0.0180556
2 0.810156 0.197917 0.034375 0.0375
2 0.984375 0.204861 0.0203125 0.0180556
2 0.992969 0.245833 0.009375 0.0194444
7 0.820703 0.290972 0.0148437 0.0152778
2 0.641797 0.263194 0.0132813 0.0291667
7 0.789844 0.300694 0.0203125 0.0236111
2 0.896875 0.230556 0.009375 0.0194444
7 0.966797 0.275 0.0132813 0.0194444
7 0.923828 0.281944 0.0132813 0.025
7 0.847266 0.3 0.0226563 0.0277778
7 0.912109 0.2875 0.0195312 0.0305556
7 0.768359 0.313194 0.0304688 0.0486111
7 0.826563 0.309028 0.0234375 0.0291667
7 0.941797 0.290972 0.0304688 0.0486111
7 0.900781 0.297222 0.025 0.0305556
7 0.751562 0.329861 0.0484375 0.0430556
7 0.945703 0.325694 0.0289063 0.0597222
7 0.798437 0.316667 0.0359375 0.0361111
7 0.631641 0.339583 0.0414063 0.0541667
7 0.687891 0.340278 0.0882813 0.0805556
7 0.0695312 0.434722 0.139062 0.322222
7 0.277344 0.371528 0.153125 0.156944
7 0.966797 0.363889 0.0664062 0.141667
7 0.580469 0.351389 0.0734375 0.1
7 0.420703 0.378472 0.271094 0.229167
