5 0.203125 0.897917 0.0859375 0.104167
7 0.477344 0.89375 0.0171875 0.0236111
7 0.40625 0.902083 0.015625 0.0319444
2 0.685156 0.764583 0.0171875 0.0208333
7 0.484766 0.894444 0.0195312 0.025
7 0.501953 0.9 0.0148437 0.0333333
3 0.173047 0.932639 0.0273438 0.123611
7 0.3625 0.909028 0.025 0.0513889
7 0.510938 0.899306 0.015625 0.0430556
7 0.389844 0.901389 0.021875 0.0416667
1 0.775 0.775694 0.0234375 0.0402778
7 0.441016 0.893056 0.0367187 0.0555556
7 0.370703 0.902083 0.0304688 0.0513889
1 0.614062 0.5875 0.015625 0.0611111
2 0.744141 0.675 0.0398437 0.025
1 0.490234 0.595833 0.0132813 0.0583333
7 0.330859 0.915972 0.0351562 0.0680556
7 0.532422 0.896528 0.0367187 0.0597222
7 0.309766 0.925 0.0367187 0.0833333
7 0.252344 0.922917 0.103125 0.115278
7 0.594531 0.905556 0.0515625 0.105556
7 0.645703 0.914583 0.0976562 0.123611
