3 0.00507812 0.361111 0.0101562 0.0527778
1 0.383203 0.196528 0.00859375 0.0291667
1 0.216406 0.230556 0.00625 0.025
2 0.487891 0.216667 0.0148437 0.0138889
1 0.471484 0.221528 0.00859375 0.0236111
7 0.0976562 0.352083 0.05 0.0375
2 0.545703 0.2 0.0148437 0.0305556
7 0.284766 0.309722 0.0148437 0.0277778
1 0.210156 0.230556 0.0078125 0.0277778
1 0.145313 0.299306 0.0109375 0.0152778
1 0.376172 0.195833 0.00703125 0.0277778
1 0.389062 0.196528 0.0078125 0.0291667
3 0.901953 0.307639 0.0429688 0.118056
2 0.153906 0.279167 0.0125 0.0222222
2 0.186719 0.234722 0.03125 0.0138889
2 0.623828 0.0770833 0.0226563 0.0347222
7 0.129688 0.347917 0.0296875 0.0430556
3 0.0710938 0.355556 0.01875 0.0583333
6 0.785937 0.408333 0.15 0.227778
3 0.111719 0.360417 0.015625 0.0708333
2 0.437891 0.207639 0.0179687 0.0263889
2 0.478906 0.245833 0.021875 0.0305556
7 0.896094 0.459028 0.20625 0.440278
7 0.558594 0.327778 0.053125 0.0722222
7 0.171094 0.342361 0.059375 0.0625
7 0.423438 0.472222 0.392188 0.438889
7 0.238672 0.363889 0.0898438 0.158333
7 0.68125 0.332639 0.239063 0.2875
