7 0.294141 0.334722 0.0101562 0.0138889
7 0.285547 0.336806 0.0101562 0.0152778
2 0.274609 0.30625 0.0195312 0.0263889
2 0.316797 0.314583 0.0117188 0.0125
7 0.311719 0.35 0.0109375 0.0277778
7 0.277734 0.336806 0.0132813 0.0152778
7 0.341016 0.345139 0.0117188 0.0208333
2 0.29375 0.305556 0.0171875 0.0138889
5 0.728906 0.329861 0.476562 0.659722
7 0.354688 0.342361 0.0140625 0.0236111
7 0.264062 0.338889 0.0171875 0.0194444
7 0.374609 0.348611 0.0164062 0.025
7 0.204297 0.340972 0.0460938 0.0375
2 0.0136719 0.2 0.0226563 0.0583333
7 0.239844 0.334028 0.034375 0.0347222
7 0.390625 0.350694 0.021875 0.0347222
7 0.325781 0.357639 0.0328125 0.0458333
7 0.0324219 0.354861 0.0648438 0.0819444
7 0.119141 0.345833 0.102344 0.0694444
