7 0.544531 0.574306 0.015625 0.0541667
1 0.853516 0.4375 0.0148437 0.0555556
5 0.525781 0.552778 0.0265625 0.05
7 0.462109 0.561111 0.0101562 0.0305556
1 0.519531 0.507639 0.0078125 0.0180556
7 0.472656 0.564583 0.0109375 0.0236111
7 0.442187 0.563889 0.01875 0.0472222
7 0.528125 0.563889 0.021875 0.0444444
2 0.874609 0.424306 0.0273438 0.0208333
7 0.432031 0.565278 0.021875 0.0555556
7 0.534375 0.571528 0.0203125 0.0486111
7 0.507031 0.565278 0.0140625 0.0277778
2 0.875391 0.363194 0.0289063 0.0958333
7 0.555469 0.580556 0.0328125 0.0694444
7 0.419531 0.568056 0.028125 0.0666667
7 0.445703 0.554167 0.0335938 0.0555556
7 0.570703 0.595833 0.0367187 0.0944444
2 0.861719 0.255556 0.0359375 0.0583333
1 0.906641 0.431944 0.0367187 0.0611111
7 0.489062 0.565972 0.028125 0.0430556
3 0.683984 0.653472 0.0351562 0.179167
3 0.141406 0.613889 0.05 0.266667
7 0.619531 0.623611 0.114063 0.147222
7 0.366797 0.565972 0.0929687 0.1375
7 0.30625 0.609722 0.129688 0.133333
