2 0.680859 0.485417 0.0148437 0.0152778
7 0.176953 0.570833 0.0164062 0.0416667
1 0.288672 0.334722 0.0132813 0.0527778
1 0.554688 0.31875 0.0109375 0.0513889
7 0.219141 0.557639 0.0289063 0.0375
1 0.426562 0.294444 0.0125 0.05
1 0.414453 0.291667 0.0132813 0.0583333
1 0.302344 0.340278 0.015625 0.0472222
1 0.0648438 0.416667 0.0109375 0.0388889
2 0.50625 0.404861 0.05 0.0486111
1 0.0765625 0.418056 0.0109375 0.0388889
2 0.499609 0.36875 0.0164062 0.0263889
2 0.244141 0.491667 0.0195312 0.0472222
1 0.520703 0.357639 0.0132813 0.0708333
1 0.103125 0.302083 0.0171875 0.0625
1 0.268359 0.266667 0.0195312 0.0638889
1 0.242578 0.2625 0.0195312 0.0638889
7 0.0765625 0.618056 0.153125 0.241667
2 0.259375 0.365972 0.05 0.104167
7 0.582422 0.579861 0.0726563 0.0652778
7 0.816797 0.63125 0.366406 0.7375
2 0.162109 0.0541667 0.103906 0.108333
2 0.160547 0.197917 0.124219 0.145833
7 0.396094 0.683333 0.3625 0.569444
