2 0.372656 0.4125 0.0078125 0.0194444
7 0.983203 0.490278 0.0335938 0.0555556
2 0.4875 0.415972 0.0140625 0.0125
1 0.406641 0.373611 0.00703125 0.0222222
1 0.274609 0.402083 0.0101562 0.0208333
7 0.2375 0.450694 0.0125 0.0291667
1 0.412891 0.374306 0.00703125 0.0208333
5 0.835938 0.458333 0.103125 0.075
7 0.438281 0.446528 0.015625 0.0208333
1 0.0636719 0.256944 0.0148437 0.0666667
7 0.338672 0.45 0.0148437 0.025
2 0.232812 0.373611 0.01875 0.0361111
7 0.653906 0.471528 0.0515625 0.0319444
2 0.966406 0.25625 0.05 0.0625
7 0.74375 0.469444 0.065625 0.0472222
3 0.477344 0.467361 0.0109375 0.0430556
7 0.274219 0.452778 0.028125 0.0416667
7 0.252344 0.452083 0.025 0.0375
2 0.93125 0.1875 0.03125 0.0388889
7 0.328906 0.461111 0.01875 0.0444444
2 0.979297 0.143056 0.0414063 0.0333333
7 0.392969 0.461806 0.0234375 0.0375
1 0.0433594 0.0659722 0.0210938 0.0902778
2 0.05 0.313889 0.034375 0.0527778
7 0.368359 0.474306 0.0351562 0.0513889
7 0.303516 0.460417 0.0414063 0.0652778
7 0.124609 0.560417 0.249219 0.451389
