7 0.446094 0.469444 0.0125 0.0166667
1 0.100391 0.370833 0.0117188 0.0333333
7 0.464844 0.470139 0.01875 0.0236111
7 0.420312 0.468056 0.021875 0.0277778
2 0.766406 0.348611 0.0234375 0.0277778
2 0.772266 0.324306 0.0179687 0.0208333
1 0.0957031 0.2875 0.0164062 0.0666667
1 0.0699219 0.366667 0.0226563 0.0361111
1 0.631641 0.0680556 0.0132813 0.0805556
1 0.751172 0.386111 0.0257812 0.0361111
1 0.646094 0.0590278 0.01875 0.0958333
2 0.0929687 0.336111 0.04375 0.0305556
2 0.809766 0.349306 0.0507812 0.0291667
1 0.791016 0.295139 0.0179687 0.0791667
1 0.671484 0.0722222 0.0242187 0.116667
3 0.711719 0.509028 0.0359375 0.120833
5 0.380469 0.438889 0.0546875 0.130556
7 0.350391 0.488889 0.0664062 0.0944444
