3 0.255078 0.372917 0.0132813 0.0402778
2 0.486719 0.307639 0.0109375 0.0263889
2 0.487109 0.293056 0.0117188 0.0222222
3 0.622266 0.371528 0.0195312 0.0847222
7 0.973828 0.372222 0.0523437 0.0527778
3 0.736719 0.366667 0.01875 0.105556
3 0.500391 0.35625 0.0132813 0.0430556
2 0.704687 0.280556 0.0265625 0.025
3 0.586328 0.368056 0.0257812 0.102778
3 0.0769531 0.304861 0.0226563 0.0347222
2 0.39375 0.300694 0.0203125 0.0347222
2 0.148828 0.176389 0.0554687 0.0777778
7 0.430469 0.380556 0.0296875 0.0638889
2 0.140625 0.234028 0.0375 0.0347222
3 0.794531 0.431944 0.0578125 0.216667
7 0.475391 0.390972 0.0664062 0.0763889
7 0.221484 0.366667 0.0554687 0.0722222
7 0.296484 0.392361 0.0382813 0.0875
2 0.707031 0.222917 0.05 0.0875
7 0.872266 0.444444 0.255469 0.213889
7 0.364062 0.4125 0.129688 0.2
