5 0.19375 0.4625 0.0890625 0.0972222
2 0.702344 0.449306 0.0109375 0.0152778
7 0.73125 0.502083 0.034375 0.0236111
2 0.713281 0.402083 0.0234375 0.0152778
7 0.39375 0.497222 0.0140625 0.0194444
7 0.377734 0.496528 0.0148437 0.0319444
2 0.700781 0.436806 0.01875 0.0125
2 0.76875 0.407639 0.0203125 0.0180556
7 0.362109 0.494444 0.0210938 0.0416667
7 0.436328 0.501389 0.0304688 0.0527778
7 0.803125 0.520833 0.0921875 0.0638889
2 0.701172 0.36875 0.0195312 0.0319444
7 0.967188 0.620139 0.065625 0.279167
5 0.274219 0.464583 0.0859375 0.143056
7 0.201172 0.514583 0.0773437 0.0791667
2 0.191016 0.168056 0.0476562 0.119444
7 0.658203 0.542361 0.0664062 0.0763889
7 0.0347656 0.521528 0.0695312 0.126389
7 0.718359 0.559028 0.110156 0.106944
7 0.100391 0.529861 0.127344 0.106944
7 0.585156 0.529861 0.0765625 0.123611
7 0.498047 0.516667 0.105469 0.180556
