2 0.923437 0.527778 0.009375 0.0166667
7 0.251172 0.579861 0.0148437 0.0236111
7 0.570703 0.585417 0.0664062 0.0430556
7 0.369141 0.496528 0.0570313 0.0263889
1 0.575 0.520139 0.0109375 0.0208333
1 0.0773437 0.484722 0.009375 0.0472222
1 0.0679687 0.486111 0.0109375 0.0527778
1 0.347656 0.420139 0.0125 0.0597222
1 0.559375 0.474306 0.0109375 0.0458333
3 0.596484 0.597222 0.0148437 0.0583333
2 0.382422 0.44375 0.0351562 0.0208333
1 0.605078 0.356944 0.0179687 0.0638889
1 0.413281 0.427778 0.0109375 0.0444444
1 0.784766 0.435417 0.0210938 0.0458333
1 0.819922 0.433333 0.0320312 0.0444444
1 0.785937 0.329861 0.0234375 0.134722
7 0.227344 0.590278 0.0453125 0.05
7 0.528125 0.584028 0.0375 0.0319444
7 0.198047 0.590972 0.0304688 0.0430556
1 0.639453 0.338889 0.0226563 0.0944444
1 0.0382813 0.125 0.03125 0.163889
1 0.680469 0.291667 0.021875 0.0833333
7 0.0976562 0.608333 0.0671875 0.105556
7 0.160156 0.594444 0.053125 0.05
7 0.0433594 0.627083 0.0867188 0.359722
7 0.767578 0.60625 0.121094 0.0680556
2 0.883203 0.356944 0.0679687 0.113889
7 0.918359 0.602778 0.133594 0.0861111
7 0.381641 0.68125 0.385156 0.356944
