7 0.291797 0.502083 0.0210938 0.0263889
7 0.296875 0.511111 0.0234375 0.0166667
7 0.227344 0.510417 0.0234375 0.0208333
7 0.392578 0.51875 0.0148437 0.0291667
7 0.326953 0.509722 0.0210938 0.0166667
7 0.645703 0.522917 0.0351562 0.0402778
7 0.662109 0.528472 0.0351562 0.0402778
7 0.434375 0.520139 0.01875 0.0291667
7 0.375 0.520139 0.0265625 0.0375
7 0.598047 0.523611 0.0304688 0.0277778
7 0.113672 0.5125 0.0695312 0.0361111
7 0.621484 0.522917 0.0289063 0.0375
7 0.254687 0.509028 0.0453125 0.0263889
7 0.701953 0.529167 0.0539063 0.0555556
7 0.410937 0.523611 0.03125 0.0444444
7 0.180469 0.504861 0.075 0.0458333
7 0.485547 0.546528 0.0710938 0.106944
