2 0.205469 0.461111 0.0109375 0.0305556
1 0.480078 0.53125 0.00859375 0.0208333
3 0.714453 0.570833 0.0148437 0.0694444
2 0.190625 0.477083 0.0171875 0.0152778
2 0.205469 0.506944 0.0125 0.0305556
1 0.559766 0.400694 0.0117188 0.0375
1 0.555469 0.401389 0.009375 0.0361111
3 0.346484 0.604861 0.0101562 0.0375
1 0.682422 0.511111 0.0132813 0.0222222
1 0.1875 0.538889 0.0125 0.0194444
3 0.330078 0.596528 0.0117188 0.0513889
1 0.784766 0.466667 0.0273438 0.0361111
2 0.776953 0.318056 0.0242187 0.0166667
2 0.657031 0.407639 0.021875 0.0819444
1 0.238672 0.382639 0.0101562 0.0430556
1 0.0269531 0.516667 0.0226563 0.0361111
1 0.248437 0.379861 0.0109375 0.0458333
1 0.571875 0.401389 0.0109375 0.0361111
1 0.260156 0.382639 0.0125 0.0430556
7 0.565625 0.535417 0.08125 0.0375
3 0.296484 0.595833 0.0195312 0.0638889
7 0.419531 0.601389 0.028125 0.0361111
7 0.83125 0.565972 0.0359375 0.101389
7 0.388281 0.602083 0.0390625 0.0402778
7 0.771094 0.565278 0.107813 0.0805556
7 0.134766 0.614583 0.0757812 0.0569444
7 0.0574219 0.6375 0.114844 0.127778
7 0.55625 0.769444 0.335938 0.447222
