7 0.859375 0.452778 0.110937 0.0555556
7 0.384375 0.461111 0.0171875 0.0194444
2 0.490234 0.423611 0.0242187 0.0194444
2 0.592578 0.43125 0.0585938 0.0736111
2 0.549609 0.409028 0.0320312 0.0263889
2 0.858984 0.455556 0.113281 0.05
7 0.367969 0.471528 0.01875 0.0319444
2 0.706641 0.390278 0.0257812 0.0444444
7 0.385938 0.490972 0.0296875 0.0458333
2 0.671875 0.389583 0.0328125 0.0458333
2 0.270703 0.35625 0.0570313 0.0569444
2 0.327344 0.358333 0.053125 0.0555556
1 0.0738281 0.195139 0.0304688 0.109722
2 0.377344 0.368056 0.0421875 0.0666667
7 0.433594 0.525694 0.0484375 0.0680556
