2 0.0554687 0.286111 0.0078125 0.0166667
7 0.0121094 0.329167 0.0132813 0.025
7 0.0164062 0.331944 0.0140625 0.025
7 0.0273438 0.336806 0.0140625 0.0347222
7 0.0550781 0.346528 0.0335938 0.0597222
7 0.0703125 0.351389 0.0359375 0.0638889
7 0.0464844 0.336111 0.0320312 0.0583333
7 0.0832031 0.359722 0.0382813 0.0666667
7 0.096875 0.372222 0.04375 0.0777778
7 0.119141 0.385417 0.0570313 0.0986111
7 0.173047 0.402778 0.105469 0.138889
7 0.247656 0.446528 0.18125 0.176389
7 0.909766 0.54375 0.180469 0.231944
