7 0.502734 0.5625 0.0132813 0.0222222
7 0.586328 0.565972 0.0273438 0.0569444
3 0.312891 0.613194 0.0117188 0.0513889
7 0.471094 0.569444 0.01875 0.0305556
7 0.570703 0.552083 0.0101562 0.0180556
7 0.540625 0.568056 0.0125 0.0194444
1 0.569922 0.513194 0.00703125 0.0180556
1 0.457422 0.513194 0.00703125 0.0208333
7 0.545703 0.559722 0.0101562 0.0194444
2 0.425781 0.522222 0.0171875 0.0166667
7 0.485156 0.564583 0.0171875 0.0319444
7 0.528125 0.561111 0.0125 0.0194444
0 0.586719 0.565972 0.0265625 0.0541667
5 0.03125 0.501389 0.0625 0.891667
7 0.623047 0.583333 0.0460938 0.0722222
2 0.601953 0.540278 0.00859375 0.0194444
3 0.571094 0.584722 0.009375 0.0388889
7 0.555078 0.552083 0.0101562 0.0152778
7 0.514844 0.567361 0.0109375 0.0208333
7 0.461328 0.582639 0.0132813 0.0291667
7 0.505078 0.572222 0.0148437 0.0222222
7 0.285937 0.620139 0.03125 0.0430556
2 0.960938 0.370833 0.0375 0.125
7 0.533984 0.583333 0.0195312 0.0277778
7 0.0941406 0.677778 0.0882813 0.116667
7 0.654297 0.599306 0.0398437 0.0791667
7 0.444141 0.597222 0.0382813 0.0527778
7 0.689453 0.604167 0.0648438 0.1
7 0.719531 0.61875 0.0625 0.109722
7 0.188281 0.683333 0.234375 0.180556
7 0.803125 0.626389 0.151562 0.183333
