2 0.628125 0.390278 0.021875 0.0333333
2 0.299609 0.454861 0.0101562 0.0208333
2 0.296094 0.544444 0.01875 0.0305556
2 0.625 0.454167 0.0203125 0.0555556
2 0.623828 0.501389 0.0210938 0.0277778
2 0.00234375 0.453472 0.0046875 0.0319444
2 0.623047 0.529861 0.0164062 0.0263889
2 0.565234 0.422917 0.0195312 0.0319444
2 0.598828 0.480556 0.0164062 0.0333333
2 0.627344 0.407639 0.021875 0.0347222
2 0.545703 0.475694 0.0429688 0.0347222
2 0.244922 0.517361 0.116406 0.0569444
2 0.278906 0.49375 0.0578125 0.0263889
7 0.391797 0.486806 0.0648438 0.0541667
2 0.121094 0.509722 0.1125 0.0805556
2 0.487891 0.460417 0.0351562 0.0625
7 0.457422 0.58125 0.0320312 0.0541667
7 0.612109 0.585417 0.0382813 0.0597222
7 0.498828 0.608333 0.0789063 0.102778
7 0.814844 0.752778 0.367188 0.394444
7 0.380859 0.618056 0.146094 0.230556
