7 0.253125 0.545833 0.028125 0.0277778
7 0.288672 0.552778 0.0148437 0.0166667
7 0.260156 0.549306 0.015625 0.0263889
7 0.273828 0.552083 0.0148437 0.0208333
7 0.246094 0.544444 0.0171875 0.0361111
2 0.412891 0.466667 0.0132813 0.0333333
7 0.312109 0.540972 0.0195312 0.0486111
7 0.196094 0.545833 0.0234375 0.05
7 0.223438 0.544444 0.0359375 0.0416667
2 0.141406 0.472222 0.01875 0.0361111
7 0.38125 0.547222 0.0359375 0.0444444
7 0.173438 0.545833 0.0390625 0.0583333
7 0.3375 0.545833 0.0515625 0.0666667
7 0.146484 0.548611 0.0382813 0.0666667
7 0.440234 0.554167 0.0492188 0.0805556
7 0.0910156 0.54375 0.0835937 0.106944
7 0.873438 0.668056 0.253125 0.444444
7 0.0375 0.560417 0.075 0.123611
7 0.512891 0.558333 0.127344 0.152778
