1 0.216406 0.38125 0.0078125 0.0236111
3 0.620703 0.309028 0.150781 0.6125
3 0.832812 0.28125 0.221875 0.5625
5 0.120703 0.417361 0.0507812 0.0875
5 0.155078 0.404167 0.0226563 0.0277778
2 0.00507812 0.402083 0.0101562 0.0180556
4 0.257422 0.455556 0.0148437 0.0361111
3 0.329688 0.402778 0.034375 0.0555556
2 0.00664063 0.424306 0.0132813 0.0236111
7 0.0421875 0.441667 0.0421875 0.0472222
2 0.282813 0.300694 0.03125 0.0180556
1 0.0515625 0.325 0.0109375 0.0333333
3 0.220703 0.436806 0.0117188 0.0513889
3 0.121094 0.439583 0.015625 0.0486111
7 0.207031 0.434028 0.0140625 0.0291667
2 0.211328 0.278472 0.0164062 0.0263889
1 0.152734 0.276389 0.0101562 0.0361111
0 0.120703 0.416667 0.0492188 0.0833333
3 0.482031 0.438889 0.071875 0.341667
3 0.709375 0.413194 0.0671875 0.359722
2 0.260156 0.25625 0.0171875 0.0513889
3 0.439453 0.433333 0.0445312 0.283333
3 0.952734 0.369444 0.0867188 0.325
7 0.1875 0.44375 0.040625 0.0597222
3 0.537109 0.417361 0.0585938 0.365278
7 0.155078 0.438889 0.0304688 0.0472222
7 0.0851562 0.44375 0.0484375 0.0680556
