2 0.382031 0.538889 0.0140625 0.0138889
7 0.429297 0.588194 0.0101562 0.0152778
7 0.389062 0.585417 0.0125 0.0208333
7 0.434375 0.611111 0.0125 0.025
7 0.344531 0.590278 0.015625 0.025
7 0.457031 0.624306 0.01875 0.0347222
7 0.366016 0.58125 0.0117188 0.0208333
7 0.352734 0.585417 0.0148437 0.0263889
7 0.466406 0.627083 0.0203125 0.0402778
7 0.328516 0.590278 0.0179687 0.025
7 0.447266 0.614583 0.0195312 0.0319444
7 0.400781 0.602083 0.01875 0.0291667
7 0.3125 0.583333 0.01875 0.0333333
7 0.298438 0.581944 0.0140625 0.0361111
7 0.480859 0.634722 0.0335938 0.0527778
7 0.0355469 0.511806 0.0710938 0.0791667
7 0.602734 0.663889 0.0695312 0.0555556
7 0.276953 0.575 0.0367187 0.05
7 0.240625 0.567361 0.0421875 0.0652778
7 0.187891 0.560417 0.0710938 0.0819444
7 0.514844 0.654861 0.0671875 0.0902778
7 0.0847656 0.551389 0.121094 0.102778
7 0.713672 0.772917 0.233594 0.254167
