1 0.253125 0.415278 0.0125 0.0166667
7 0.328906 0.45 0.015625 0.025
7 0.405859 0.453472 0.0179687 0.0430556
1 0.295312 0.413889 0.0125 0.0194444
7 0.422656 0.45625 0.0375 0.0513889
7 0.167578 0.448611 0.0398437 0.05
7 0.260547 0.447917 0.0289063 0.0375
7 0.553906 0.454861 0.0734375 0.0513889
7 0.206641 0.447222 0.0351562 0.0388889
7 0.458594 0.4625 0.0578125 0.0583333
7 0.709375 0.447222 0.114063 0.0833333
7 0.373047 0.4625 0.0648438 0.0833333
7 0.925781 0.5125 0.148438 0.236111
7 0.643359 0.474306 0.135156 0.118056
7 0.0773437 0.472917 0.154687 0.184722
