1 0.335547 0.432639 0.0132813 0.0208333
1 0.501172 0.33125 0.00859375 0.0291667
3 0.0183594 0.502083 0.0320312 0.0902778
2 0.814062 0.370139 0.028125 0.0208333
2 0.163281 0.3375 0.01875 0.0333333
1 0.130859 0.329861 0.00859375 0.0347222
1 0.376953 0.384028 0.0164062 0.0319444
1 0.121875 0.330556 0.009375 0.0333333
1 0.359766 0.383333 0.0148437 0.0305556
2 0.322656 0.363194 0.0203125 0.0486111
1 0.846484 0.38125 0.0273438 0.0375
1 0.367578 0.329861 0.0132813 0.0486111
2 0.401953 0.352083 0.0148437 0.0291667
1 0.38125 0.327778 0.0125 0.05
2 0.322656 0.321528 0.028125 0.0208333
2 0.821484 0.333333 0.0210938 0.0277778
7 0.583984 0.525 0.483594 0.408333
3 0.181641 0.525 0.0398437 0.183333
2 0.967578 0.263889 0.0414063 0.0805556
5 0.207422 0.452083 0.200781 0.1875
7 0.951563 0.547222 0.096875 0.261111
7 0.839453 0.5625 0.196094 0.333333
