7 0.00664063 0.643056 0.0132813 0.0638889
7 0.423047 0.486111 0.0164062 0.0222222
1 0.208594 0.499306 0.0078125 0.0236111
7 0.377734 0.500694 0.0273438 0.0291667
7 0.0847656 0.628472 0.0445312 0.0513889
7 0.402344 0.490278 0.0171875 0.025
1 0.419141 0.414583 0.00859375 0.0263889
7 0.128906 0.615972 0.053125 0.0680556
7 0.515625 0.460417 0.0125 0.0180556
2 0.360547 0.448611 0.0132813 0.0277778
7 0.246094 0.56875 0.0203125 0.0430556
7 0.332812 0.520833 0.0328125 0.0472222
7 0.210547 0.570833 0.0664062 0.0722222
7 0.604688 0.46875 0.03125 0.0569444
7 0.0371094 0.646528 0.0742188 0.0875
7 0.632031 0.463194 0.040625 0.0875
7 0.501172 0.483333 0.0304688 0.0472222
7 0.669922 0.460417 0.0632813 0.109722
7 0.728125 0.464583 0.115625 0.129167
