3 0.00585938 0.599306 0.0117188 0.1125
7 0.967578 0.497917 0.0351562 0.0263889
3 0.670703 0.539583 0.0101562 0.0375
3 0.376953 0.556944 0.0101562 0.0361111
3 0.65625 0.539583 0.009375 0.0375
1 0.346484 0.511806 0.0101562 0.0180556
1 0.735937 0.445139 0.0125 0.0236111
1 0.319922 0.485417 0.0117188 0.0208333
2 0.319141 0.456944 0.0164062 0.0166667
3 0.272266 0.558333 0.0117188 0.0555556
1 0.316797 0.415972 0.0132813 0.0402778
1 0.349219 0.424306 0.0140625 0.0402778
7 0.925 0.497222 0.0328125 0.025
7 0.0769531 0.579167 0.132031 0.0805556
7 0.210156 0.559028 0.0453125 0.0430556
1 0.711719 0.3625 0.0140625 0.0472222
3 0.263281 0.557639 0.0125 0.0541667
1 0.587891 0.373611 0.0117188 0.0388889
3 0.286719 0.552778 0.0109375 0.0527778
3 0.298828 0.552778 0.0148437 0.0583333
1 0.390234 0.429861 0.00859375 0.0319444
3 0.234766 0.5625 0.0132813 0.0555556
1 0.398047 0.434028 0.00859375 0.0319444
3 0.385547 0.554167 0.0101562 0.0416667
2 0.712109 0.417361 0.0210938 0.0180556
7 0.599219 0.545833 0.0234375 0.0388889
1 0.419922 0.340278 0.0101562 0.0416667
1 0.61875 0.29375 0.015625 0.0541667
1 0.407422 0.345833 0.0117188 0.0472222
1 0.631641 0.28125 0.0117188 0.0458333
3 0.0222656 0.596528 0.0320312 0.123611
2 0.991797 0.399306 0.0164062 0.0486111
3 0.0789063 0.584722 0.0265625 0.102778
1 0.883203 0.189583 0.0257812 0.0819444
3 0.185156 0.56875 0.0171875 0.0763889
3 0.150391 0.580556 0.0210938 0.0972222
7 0.878125 0.516667 0.0890625 0.0638889
2 0.0832031 0.823611 0.0820312 0.1
7 0.754297 0.548611 0.153906 0.136111
7 0.5125 0.640972 0.207813 0.315278
