2 0.333203 0.750694 0.00859375 0.0152778
7 0.158203 0.747917 0.0117188 0.0152778
7 0.154297 0.745139 0.00859375 0.0152778
2 0.332812 0.729861 0.0125 0.0236111
7 0.0933594 0.747917 0.0117188 0.0125
7 0.167187 0.754167 0.015625 0.0222222
2 0.432031 0.661111 0.01875 0.0166667
2 0.333984 0.708333 0.0132813 0.0194444
7 0.184375 0.751389 0.0140625 0.0194444
7 0.144922 0.750694 0.0148437 0.0236111
7 0.108984 0.745833 0.0117188 0.0166667
7 0.131641 0.765278 0.0179687 0.025
2 0.417188 0.732639 0.01875 0.0486111
2 0.421484 0.605556 0.0226563 0.0611111
7 0.0574219 0.759722 0.0226563 0.0305556
7 0.15 0.781944 0.0265625 0.0361111
7 0.245312 0.818056 0.114063 0.236111
