7 0.541406 0.419444 0.0125 0.0194444
7 0.427344 0.420833 0.0203125 0.0388889
5 0.515234 0.409028 0.0226563 0.0541667
7 0.535156 0.422222 0.0125 0.0194444
7 0.601172 0.43125 0.0242187 0.0486111
7 0.560938 0.425 0.0125 0.025
7 0.588281 0.428472 0.0171875 0.0402778
7 0.426172 0.445833 0.0195312 0.0361111
2 0.973828 0.199306 0.0304688 0.0541667
2 0.944922 0.190278 0.0226563 0.0333333
2 0.801953 0.309028 0.0179687 0.0236111
7 0.610156 0.436806 0.021875 0.0541667
7 0.573828 0.427083 0.0242187 0.0347222
7 0.644141 0.452083 0.0304688 0.0597222
7 0.634375 0.438889 0.046875 0.0666667
2 0.958984 0.139583 0.0335938 0.0597222
2 0.797656 0.364583 0.0484375 0.0791667
7 0.669922 0.456944 0.0507812 0.0777778
7 0.714453 0.467361 0.0835937 0.104167
7 0.781641 0.492361 0.135156 0.126389
