7 0.596094 0.440972 0.0296875 0.0236111
7 0.459766 0.452778 0.0179687 0.0222222
2 0.605469 0.320139 0.0140625 0.0180556
1 0.371875 0.409722 0.00625 0.0194444
7 0.365625 0.452083 0.0125 0.0263889
7 0.348047 0.455556 0.0148437 0.0277778
7 0.358984 0.452778 0.0148437 0.025
7 0.984375 0.491667 0.03125 0.108333
2 0.642969 0.343056 0.015625 0.0222222
1 0.453125 0.398611 0.00625 0.0194444
7 0.298047 0.465278 0.0210938 0.0472222
2 0.470313 0.430556 0.009375 0.0194444
2 0.574219 0.410417 0.0140625 0.0263889
7 0.466016 0.454861 0.0148437 0.0236111
7 0.935156 0.709028 0.129688 0.431944
7 0.519922 0.472222 0.0273438 0.0694444
7 0.309375 0.463194 0.01875 0.0430556
2 0.573828 0.379861 0.0179687 0.0319444
7 0.101172 0.71875 0.202344 0.501389
7 0.329297 0.454167 0.0304688 0.0416667
7 0.283984 0.476389 0.0335938 0.0722222
7 0.547656 0.48125 0.0640625 0.0847222
7 0.0957031 0.489583 0.122656 0.115278
7 0.419922 0.455556 0.0554687 0.0333333
7 0.175391 0.497222 0.0492188 0.0861111
7 0.491797 0.452778 0.0476562 0.075
7 0.573438 0.497222 0.0515625 0.0944444
7 0.235938 0.49375 0.0890625 0.115278
7 0.628125 0.504167 0.103125 0.158333
7 0.817969 0.5375 0.332812 0.347222
