7 0.401172 0.351389 0.0148437 0.0166667
7 0.416016 0.315278 0.0117188 0.0194444
7 0.353906 0.363194 0.0546875 0.0486111
7 0.494141 0.363889 0.0226563 0.0611111
7 0.466406 0.33125 0.0109375 0.0180556
7 0.506641 0.364583 0.0445312 0.0708333
7 0.475391 0.343056 0.0148437 0.0305556
7 0.430469 0.31875 0.0125 0.0180556
7 0.361719 0.363194 0.021875 0.0375
7 0.385938 0.349306 0.015625 0.0319444
7 0.486719 0.354861 0.025 0.0513889
6 0.325781 0.38125 0.0234375 0.0458333
7 0.367578 0.350694 0.0304688 0.0486111
7 0.517969 0.377778 0.046875 0.0916667
2 0.777734 0.221528 0.0289063 0.0736111
7 0.341797 0.371528 0.0335938 0.0458333
7 0.549609 0.393056 0.0695312 0.108333
7 0.442578 0.345833 0.0226563 0.0333333
3 0.0789063 0.545139 0.11875 0.359722
3 0.0273438 0.563889 0.0546875 0.383333
7 0.114844 0.470833 0.120312 0.152778
7 0.292188 0.390972 0.0578125 0.0763889
7 0.186328 0.436111 0.0898438 0.119444
7 0.582422 0.422917 0.107031 0.145833
7 0.640234 0.477083 0.141406 0.176389
