7 0.2125 0.772917 0.425 0.454167
1 0.794531 0.419444 0.0109375 0.0388889
5 0.305859 0.561806 0.0867188 0.0597222
2 0.769141 0.543056 0.0164062 0.0138889
7 0.590234 0.645833 0.0210938 0.0333333
1 0.923437 0.565278 0.0265625 0.0361111
1 0.441016 0.510417 0.0101562 0.0319444
7 0.578516 0.661806 0.0273438 0.0625
1 0.705859 0.459028 0.0101562 0.0430556
2 0.0714844 0.525694 0.0179687 0.0402778
1 0.920703 0.465278 0.0132813 0.0527778
1 0.695703 0.45625 0.0117188 0.0458333
2 0.0386719 0.445139 0.0320312 0.0208333
2 0.944531 0.509722 0.0359375 0.0222222
1 0.384375 0.413889 0.025 0.0583333
1 0.935156 0.463889 0.015625 0.0611111
1 0.678125 0.452083 0.015625 0.0597222
1 0.388672 0.327778 0.0210938 0.0888889
2 0.839844 0.464583 0.034375 0.0402778
2 0.384375 0.506944 0.0421875 0.105556
7 0.4875 0.68125 0.192188 0.359722
7 0.722266 0.732639 0.330469 0.534722
