7 0.703516 0.458333 0.0148437 0.0194444
1 0.746484 0.402083 0.0101562 0.0180556
7 0.944922 0.495833 0.0382813 0.0888889
7 0.784766 0.465972 0.0179687 0.0319444
7 0.757812 0.464583 0.025 0.0319444
7 0.930078 0.488194 0.0460938 0.0736111
2 0.230469 0.213889 0.0359375 0.0861111
7 0.828125 0.467361 0.0265625 0.0513889
7 0.800391 0.469444 0.0273438 0.0333333
7 0.726562 0.473611 0.034375 0.0555556
7 0.973828 0.511111 0.0523437 0.291667
7 0.853516 0.470139 0.0460938 0.0569444
7 0.9125 0.46875 0.0828125 0.0958333
