7 0.326953 0.4875 0.0164062 0.0444444
7 0.292578 0.465278 0.0335938 0.0527778
7 0.303906 0.479861 0.0171875 0.0486111
7 0.266406 0.465278 0.0234375 0.0194444
2 0.621875 0.379167 0.009375 0.0416667
7 0.296484 0.478472 0.0179687 0.0430556
2 0.551172 0.349306 0.0210938 0.0125
7 0.317969 0.48125 0.028125 0.0513889
7 0.35 0.484722 0.05 0.0694444
7 0.128906 0.484722 0.0203125 0.0388889
7 0.1125 0.485417 0.03125 0.0541667
7 0.0882813 0.485417 0.0375 0.0652778
7 0.235547 0.480556 0.0273438 0.0333333
5 0.839453 0.4625 0.224219 0.127778
7 0.0457031 0.490278 0.0710938 0.0805556
