7 0.510938 0.522917 0.0421875 0.0847222
8 0.507422 0.509722 0.0273438 0.111111
1 0.330469 0.427083 0.0078125 0.0208333
3 0.632031 0.502083 0.0140625 0.0708333
2 0.562891 0.415278 0.0132813 0.0166667
2 0.312109 0.426389 0.0226563 0.0138889
4 0.507422 0.544444 0.0210938 0.0722222
3 0.572266 0.506944 0.0164062 0.0638889
2 0.559766 0.397917 0.0226563 0.0152778
7 0.405078 0.495833 0.0242187 0.0555556
2 0.557813 0.373611 0.0171875 0.0305556
7 0.201562 0.522917 0.046875 0.0652778
7 0.287109 0.505556 0.0273438 0.0416667
7 0.227734 0.5125 0.0429688 0.0638889
7 0.258203 0.507639 0.0367187 0.0597222
5 0.452734 0.483333 0.0789063 0.152778
7 0.148828 0.53125 0.0898438 0.0847222
7 0.900391 0.541667 0.199219 0.105556
7 0.353906 0.543056 0.11875 0.166667
