2 0.599219 0.451389 0.0109375 0.0222222
3 0.656641 0.517361 0.0117188 0.0458333
1 0.0640625 0.451389 0.015625 0.0277778
2 0.945312 0.484722 0.0109375 0.0361111
2 0.691406 0.457639 0.0234375 0.0180556
1 0.759766 0.425 0.0179687 0.0277778
7 0.383203 0.500694 0.0273438 0.0347222
1 0.651953 0.258333 0.0117188 0.0555556
7 0.308594 0.516667 0.0328125 0.0388889
3 0.182812 0.539583 0.01875 0.101389
7 0.398047 0.519444 0.0195312 0.0694444
2 0.7 0.280556 0.01875 0.0361111
1 0.040625 0.448611 0.01875 0.0333333
1 0.665234 0.258333 0.0148437 0.0611111
3 0.641797 0.5125 0.0117188 0.05
1 0.680078 0.261806 0.0148437 0.0625
1 0.0597656 0.384722 0.0195312 0.0722222
2 0.691016 0.425694 0.0320312 0.0513889
7 0.567578 0.530556 0.0257812 0.0694444
2 0.738281 0.373611 0.025 0.0694444
5 0.571875 0.497222 0.0359375 0.0888889
7 0.271875 0.546528 0.084375 0.0902778
7 0.351172 0.547222 0.0898438 0.102778
7 0.0898438 0.568056 0.178125 0.119444
0 0.480469 0.471528 0.153125 0.306944
7 0.799219 0.573611 0.235938 0.213889
