2 0.842969 0.390278 0.015625 0.0138889
1 0.572656 0.238889 0.028125 0.0222222
5 0.912891 0.440972 0.0992187 0.0847222
1 0.99375 0.365278 0.0125 0.0388889
0 0.619531 0.431944 0.0375 0.0722222
7 0.028125 0.454861 0.05625 0.0486111
7 0.469141 0.447917 0.0148437 0.0347222
7 0.509766 0.447222 0.0179687 0.0222222
2 0.0984375 0.339583 0.01875 0.0458333
0 0.579687 0.429167 0.0328125 0.075
3 0.941797 0.5 0.0289063 0.133333
3 0.905859 0.486806 0.0335938 0.145833
7 0.0980469 0.477083 0.122656 0.1875
7 0.395703 0.458333 0.0554687 0.0694444
5 0.727344 0.398611 0.189063 0.355556
7 0.226172 0.495833 0.249219 0.255556
