3 0.553516 0.472222 0.0226563 0.0444444
3 0.287109 0.467361 0.0148437 0.0652778
7 0.444531 0.451389 0.0109375 0.0194444
7 0.435156 0.461111 0.0125 0.0222222
3 0.332812 0.465972 0.0109375 0.0430556
0 0.492578 0.452778 0.0382813 0.0638889
3 0.560156 0.474306 0.0109375 0.0430556
3 0.546875 0.471528 0.0109375 0.0486111
3 0.312891 0.466667 0.0148437 0.0555556
5 0.492188 0.452778 0.0375 0.0638889
4 0.655859 0.501389 0.0492188 0.0527778
3 0.803906 0.468056 0.0234375 0.0916667
7 0.0304688 0.516667 0.0609375 0.477778
6 0.900391 0.507639 0.0570313 0.170833
3 0.203906 0.464583 0.0171875 0.0736111
2 0.826563 0.272222 0.0546875 0.0638889
