7 0.34375 0.384028 0.0125 0.0180556
7 0.328125 0.377778 0.0203125 0.0305556
2 0.4125 0.352778 0.0171875 0.0166667
7 0.301953 0.380556 0.0195312 0.0194444
5 0.328125 0.377778 0.0203125 0.0333333
1 0.852734 0.297222 0.00703125 0.0222222
2 0.511328 0.286806 0.0164062 0.0125
1 0.858984 0.297222 0.00703125 0.0222222
1 0.788672 0.283333 0.00703125 0.025
1 0.794922 0.284028 0.00703125 0.0236111
7 0.392969 0.391667 0.0140625 0.025
2 0.389453 0.270833 0.0195312 0.0138889
2 0.337109 0.342361 0.0242187 0.0319444
2 0.360938 0.346528 0.021875 0.0236111
2 0.379687 0.351389 0.0171875 0.0305556
7 0.405469 0.4 0.025 0.0361111
2 0.522656 0.355556 0.0125 0.025
2 0.401172 0.303472 0.0460938 0.0569444
2 0.217969 0.325 0.021875 0.0333333
2 0.563281 0.361806 0.0171875 0.0319444
7 0.267969 0.383333 0.040625 0.0361111
2 0.648828 0.328472 0.0242187 0.0402778
2 0.496094 0.308333 0.0421875 0.0388889
7 0.155078 0.379167 0.0867188 0.075
2 0.974219 0.279167 0.0515625 0.111111
2 0.449219 0.305556 0.05 0.0472222
7 0.498828 0.404861 0.0414063 0.0597222
2 0.286328 0.239583 0.0710938 0.126389
7 0.446484 0.409722 0.0664062 0.1
7 0.676172 0.440972 0.164844 0.193056
