7 0.336328 0.454167 0.0664062 0.0277778
2 0.963672 0.23125 0.0304688 0.179167
7 0.898828 0.497222 0.0507812 0.0388889
2 0.928906 0.293056 0.0203125 0.0527778
7 0.485156 0.520833 0.0375 0.0861111
7 0.0125 0.555556 0.025 0.136111
7 0.428516 0.527778 0.116406 0.105556
7 0.308984 0.521528 0.127344 0.123611
7 0.663672 0.536806 0.0742188 0.143056
7 0.934375 0.578472 0.13125 0.265278
7 0.561719 0.595833 0.157813 0.219444
7 0.364453 0.600694 0.178906 0.204167
7 0.778125 0.584028 0.21875 0.248611
7 0.147266 0.599306 0.286719 0.279167
