7 0.0878906 0.463889 0.0570313 0.05
7 0.544531 0.440972 0.040625 0.0791667
7 0.478906 0.459028 0.009375 0.0263889
1 0.580469 0.381944 0.00625 0.0222222
1 0.587109 0.38125 0.00703125 0.0208333
5 0.544922 0.441667 0.0398437 0.0805556
2 0.723437 0.336806 0.01875 0.0263889
2 0.719141 0.294444 0.0164062 0.0222222
7 0.433984 0.463194 0.0132813 0.0347222
7 0.192969 0.440972 0.03125 0.0208333
7 0.078125 0.438194 0.0375 0.0236111
7 0.113281 0.447222 0.046875 0.0361111
7 0.149609 0.461806 0.0601562 0.0597222
7 0.517578 0.45625 0.0132813 0.0180556
7 0.608594 0.474306 0.015625 0.0569444
7 0.246484 0.475694 0.0523437 0.0708333
7 0.492578 0.460417 0.0242187 0.0347222
7 0.110156 0.569444 0.220313 0.430556
7 0.457422 0.459028 0.0414063 0.0569444
7 0.407422 0.463889 0.0492188 0.0694444
7 0.194922 0.489583 0.103906 0.0847222
7 0.571484 0.480556 0.0742188 0.116667
7 0.682813 0.486111 0.08125 0.119444
7 0.317578 0.473611 0.0914062 0.0972222
