7 0.287109 0.236806 0.0117188 0.0180556
7 0.253906 0.245833 0.028125 0.025
7 0.348047 0.231944 0.0132813 0.0194444
7 0.234766 0.249306 0.0195312 0.0347222
7 0.393359 0.230556 0.0101562 0.025
2 0.488672 0.146528 0.0101562 0.0152778
7 0.260938 0.243056 0.0171875 0.0222222
7 0.246484 0.247917 0.0148437 0.0291667
7 0.274609 0.241667 0.0148437 0.0222222
7 0.335938 0.2375 0.015625 0.025
7 0.00703125 0.325 0.0140625 0.0805556
7 0.371875 0.2375 0.0140625 0.025
7 0.401953 0.234722 0.0164062 0.0305556
7 0.414844 0.241667 0.021875 0.0305556
2 0.460156 0.186111 0.0140625 0.0305556
7 0.321875 0.245139 0.021875 0.0291667
7 0.0226563 0.309722 0.04375 0.0722222
7 0.358984 0.252083 0.0335938 0.0486111
7 0.303125 0.256944 0.034375 0.0444444
7 0.445312 0.24375 0.04375 0.0680556
7 0.483984 0.261806 0.0648438 0.0791667
7 0.563672 0.2875 0.0882813 0.125
7 0.680078 0.301389 0.200781 0.216667
7 0.143359 0.299306 0.207031 0.251389
