7 0.398438 0.515278 0.0140625 0.025
7 0.385547 0.521528 0.0179687 0.0291667
7 0.291016 0.518056 0.0210938 0.0277778
7 0.410156 0.513194 0.0109375 0.0180556
7 0.179688 0.521528 0.028125 0.0319444
1 0.988672 0.404167 0.0164062 0.0722222
2 0.813281 0.3125 0.05 0.0555556
0 0.257422 0.509722 0.0304688 0.0361111
2 0.492578 0.393056 0.0335938 0.0194444
7 0.282813 0.51875 0.0171875 0.0263889
7 0.216797 0.515278 0.0148437 0.025
1 0.385938 0.472222 0.009375 0.0361111
7 0.528516 0.51875 0.0148437 0.0236111
1 0.314063 0.433333 0.0078125 0.025
2 0.336328 0.352778 0.0164062 0.025
7 0.342578 0.522222 0.0132813 0.0277778
2 0.464063 0.168056 0.0140625 0.025
7 0.512109 0.517361 0.0132813 0.0180556
7 0.296484 0.523611 0.0179687 0.0305556
1 0.337109 0.404167 0.0148437 0.0694444
7 0.364062 0.526389 0.021875 0.0305556
7 0.498828 0.519444 0.0148437 0.0222222
2 0.430078 0.224306 0.0148437 0.0263889
7 0.314063 0.526389 0.025 0.0333333
3 0.672656 0.531944 0.021875 0.0833333
1 0.463281 0.218056 0.021875 0.075
7 0.471094 0.540972 0.0421875 0.0569444
