7 0.548828 0.567361 0.0132813 0.0125
7 0.985156 0.584722 0.0296875 0.0305556
7 0.582422 0.561111 0.0132813 0.0166667
7 0.594531 0.561806 0.0140625 0.0152778
7 0.607031 0.560417 0.0140625 0.0125
7 0.363672 0.534722 0.0148437 0.0194444
2 0.528125 0.538194 0.009375 0.0208333
2 0.382812 0.502778 0.0109375 0.0305556
2 0.466406 0.529167 0.009375 0.0222222
7 0.626562 0.565278 0.0171875 0.0166667
7 0.0375 0.555556 0.0328125 0.05
2 0.720703 0.585417 0.0164062 0.0347222
2 0.676562 0.545139 0.025 0.0291667
7 0.210938 0.545833 0.0203125 0.0138889
7 0.663672 0.570833 0.0226563 0.0194444
2 0.775781 0.588194 0.028125 0.0513889
7 0.328516 0.552778 0.0195312 0.0194444
5 0.102344 0.524306 0.103125 0.109722
7 0.401172 0.545139 0.0179687 0.0208333
7 0.353516 0.559722 0.0195312 0.025
2 0.56875 0.525 0.0296875 0.0416667
7 0.294141 0.566667 0.0226563 0.0305556
7 0.444531 0.573611 0.0234375 0.0305556
7 0.333984 0.570139 0.0273438 0.0402778
2 0.970703 0.484722 0.0445312 0.0555556
2 0.908984 0.477778 0.0398437 0.0638889
7 0.367578 0.58125 0.0304688 0.0458333
7 0.139844 0.609028 0.084375 0.0958333
7 0.533594 0.664583 0.09375 0.134722
7 0.0730469 0.649306 0.146094 0.148611
