7 0.476172 0.925 0.0132813 0.0194444
7 0.0242187 0.964583 0.040625 0.0430556
5 0.302734 0.946528 0.0789063 0.0986111
1 0.143359 0.853472 0.0148437 0.0291667
1 0.459766 0.877778 0.00703125 0.0138889
2 0.0800781 0.907639 0.0210938 0.0291667
2 0.187109 0.799306 0.0242187 0.0180556
1 0.490625 0.877083 0.00625 0.0152778
1 0.751562 0.803472 0.015625 0.0263889
7 0.498047 0.927083 0.00859375 0.0152778
7 0.460547 0.928472 0.0101562 0.0152778
7 0.528906 0.922222 0.0171875 0.0194444
7 0.158594 0.949306 0.104687 0.0763889
7 0.487891 0.927083 0.0132813 0.0208333
7 0.508203 0.925694 0.0117188 0.0180556
1 0.308594 0.574306 0.0140625 0.0625
1 0.324609 0.574306 0.0164062 0.0625
1 0.296094 0.590972 0.01875 0.0847222
1 0.562109 0.310417 0.0210938 0.1125
1 0.538281 0.31875 0.0265625 0.0958333
7 0.071875 0.959028 0.0625 0.0458333
1 0.585547 0.314583 0.0242187 0.0986111
7 0.354688 0.932639 0.025 0.0486111
7 0.303125 0.947917 0.0796875 0.101389
0 0.425 0.895139 0.0625 0.131944
7 0.548828 0.920139 0.0273438 0.0402778
7 0.578516 0.919444 0.0273438 0.0472222
7 0.605078 0.924306 0.0445312 0.0541667
7 0.389062 0.938194 0.0625 0.101389
