2 0.71875 0.33125 0.0203125 0.0625
7 0.31875 0.429167 0.0359375 0.0611111
3 0.819141 0.523611 0.0132813 0.0694444
7 0.0398437 0.422222 0.0796875 0.119444
7 0.348437 0.430556 0.01875 0.0305556
3 0.882812 0.536111 0.0203125 0.0611111
2 0.726953 0.392361 0.0179687 0.0152778
7 0.878516 0.597222 0.0570313 0.0972222
1 0.725 0.439583 0.0140625 0.0236111
7 0.206641 0.436111 0.0367187 0.0527778
7 0.651563 0.479167 0.0625 0.0333333
3 0.795313 0.533333 0.0171875 0.0861111
1 0.444922 0.269444 0.0101562 0.0444444
1 0.432813 0.271528 0.0125 0.0569444
1 0.644141 0.320833 0.0101562 0.0416667
3 0.809766 0.534028 0.0164062 0.0875
2 0.717578 0.319444 0.0195312 0.0305556
2 0.719141 0.351389 0.0242187 0.0305556
5 0.488672 0.452083 0.0726563 0.120833
7 0.252344 0.443056 0.0421875 0.0527778
7 0.0894531 0.397222 0.0992187 0.0805556
3 0.866406 0.538194 0.01875 0.0763889
7 0.286719 0.432639 0.0453125 0.0625
7 0.133594 0.422222 0.11875 0.0916667
7 0.713672 0.527778 0.0632813 0.125
7 0.422656 0.465972 0.071875 0.131944
7 0.672656 0.54375 0.109375 0.126389
7 0.571484 0.534028 0.119531 0.143056
