1 0.314063 0.394444 0.0078125 0.0305556
1 0.302344 0.400694 0.0078125 0.0319444
2 0.505859 0.409028 0.0101562 0.0208333
1 0.676953 0.422222 0.00703125 0.0194444
2 0.442578 0.390972 0.0117188 0.0208333
1 0.433594 0.355556 0.0078125 0.0333333
7 0.686328 0.479167 0.0132813 0.0305556
7 0.676172 0.481944 0.0210938 0.0416667
7 0.349219 0.479167 0.0609375 0.0555556
2 0.346875 0.309028 0.015625 0.0375
1 0.355859 0.349306 0.0101562 0.0347222
7 0.505078 0.483333 0.0382813 0.0722222
7 0.235156 0.613194 0.33125 0.301389
1 0.485156 0.309722 0.0109375 0.0472222
1 0.296875 0.275 0.0125 0.0444444
1 0.628906 0.315278 0.009375 0.0388889
1 0.334766 0.295139 0.0164062 0.0736111
7 0.432031 0.531944 0.146875 0.166667
7 0.594141 0.568056 0.196094 0.308333
