7 0.326953 0.798611 0.0179687 0.0361111
5 0.925391 0.798611 0.149219 0.402778
1 0.397656 0.760417 0.00625 0.0180556
2 0.862109 0.680556 0.0273438 0.025
7 0.352734 0.799306 0.0226563 0.0402778
0 0.925391 0.799306 0.149219 0.398611
3 0.028125 0.841667 0.0203125 0.0944444
3 0.160547 0.822222 0.0117188 0.0611111
5 0.353125 0.799306 0.021875 0.0402778
2 0.874609 0.6375 0.0195312 0.025
1 0.537109 0.622222 0.0101562 0.0416667
1 0.649219 0.767361 0.0171875 0.0263889
7 0.458203 0.8125 0.0304688 0.0527778
1 0.0828125 0.713194 0.0109375 0.0402778
5 0.327344 0.797917 0.0171875 0.0347222
3 0.834766 0.827083 0.0257812 0.131944
1 0.0730469 0.750694 0.0164062 0.0263889
1 0.546484 0.621528 0.0101562 0.0430556
1 0.283594 0.647917 0.009375 0.0347222
3 0.0417969 0.833333 0.0179687 0.111111
1 0.742969 0.614583 0.015625 0.0486111
3 0.108594 0.850694 0.0296875 0.145833
3 0.0863281 0.85 0.0289063 0.15
2 0.600391 0.659722 0.0242187 0.0416667
7 0.444141 0.821528 0.0335938 0.0569444
7 0.210938 0.81875 0.0359375 0.0625
7 0.489062 0.822917 0.0390625 0.0541667
7 0.187891 0.834722 0.0539063 0.0583333
7 0.412109 0.826389 0.0382813 0.05
7 0.369922 0.826389 0.0507812 0.0611111
7 0.269141 0.839583 0.0835937 0.131944
7 0.614062 0.904167 0.2625 0.188889
