5 0.602344 0.627778 0.114063 0.183333
1 0.246875 0.461111 0.021875 0.0361111
5 0.640234 0.692361 0.153906 0.2375
3 0.149219 0.636806 0.0125 0.0625
3 0.790234 0.692361 0.0148437 0.0625
1 0.517969 0.535417 0.0078125 0.0319444
7 0.021875 0.797222 0.04375 0.405556
3 0.0398437 0.634722 0.015625 0.0888889
1 0.526172 0.534722 0.0101562 0.0305556
2 0.233594 0.518056 0.0171875 0.0111111
1 0.234375 0.598611 0.015625 0.0194444
7 0.0851562 0.63125 0.08125 0.0652778
3 0.158203 0.640972 0.0132813 0.0625
2 0.780859 0.518056 0.0320312 0.025
1 0.0441406 0.542361 0.0117188 0.0263889
3 0.0507812 0.636111 0.01875 0.0861111
1 0.246484 0.519444 0.00859375 0.0472222
2 0.243359 0.565278 0.0195312 0.0138889
3 0.00742187 0.600694 0.0148437 0.0513889
3 0.0941406 0.639583 0.0226563 0.0847222
0 0.602344 0.625 0.114063 0.175
1 0.737891 0.443056 0.0164062 0.0833333
1 0.76875 0.590278 0.0203125 0.0305556
7 0.319141 0.664583 0.0414063 0.0375
1 0.0226563 0.539583 0.0171875 0.0291667
7 0.640234 0.691667 0.155469 0.238889
7 0.0167969 0.645833 0.0335938 0.113889
2 0.748828 0.528472 0.0304688 0.0208333
2 0.778906 0.4875 0.0171875 0.0333333
1 0.252734 0.461806 0.0101562 0.0402778
1 0.240625 0.460417 0.0109375 0.0375
3 0.132031 0.640972 0.0203125 0.0847222
3 0.875391 0.702778 0.0242187 0.1
3 0.811719 0.683333 0.025 0.111111
3 0.848437 0.683333 0.0359375 0.130556
7 0.243359 0.649306 0.113281 0.0708333
7 0.366016 0.675 0.0507812 0.144444
7 0.454297 0.708333 0.188281 0.305556
