1 0.405078 0.5875 0.00703125 0.0194444
7 0.467187 0.651389 0.0203125 0.025
1 0.408594 0.5875 0.0078125 0.0194444
3 0.121094 0.625 0.0109375 0.0277778
3 0.14375 0.616667 0.0125 0.0194444
2 0.727344 0.618056 0.0109375 0.0333333
2 0.499219 0.622917 0.0125 0.0513889
7 0.423828 0.652083 0.0257812 0.0263889
7 0.403906 0.650694 0.0171875 0.0236111
2 0.43125 0.513889 0.025 0.0166667
1 0.782031 0.441667 0.0171875 0.0611111
3 0.936328 0.7125 0.0179687 0.0861111
2 0.88125 0.521528 0.03125 0.0208333
1 0.433203 0.477778 0.0117188 0.0472222
3 0.831641 0.711111 0.0257812 0.102778
1 0.896484 0.61875 0.0210938 0.0291667
7 0.95625 0.779861 0.0875 0.440278
2 0.430859 0.548611 0.0210938 0.0361111
7 0.298047 0.645833 0.0320312 0.0527778
7 0.366016 0.645833 0.0289063 0.0444444
7 0.145313 0.651389 0.0515625 0.0555556
7 0.2625 0.653472 0.0703125 0.0652778
7 0.333984 0.654861 0.0539063 0.0541667
7 0.194922 0.645139 0.0820312 0.0763889
7 0.627734 0.788194 0.350781 0.420833
7 0.0777344 0.652778 0.0914062 0.0666667
5 0.785547 0.650694 0.110156 0.1875
