7 0.378906 0.554861 0.0140625 0.0180556
3 0.722656 0.551389 0.015625 0.0583333
7 0.182422 0.602778 0.0351562 0.0888889
7 0.369531 0.553472 0.0140625 0.0208333
7 0.390234 0.554167 0.0164062 0.0194444
7 0.355469 0.553472 0.0171875 0.0236111
7 0.548828 0.546528 0.0476562 0.0791667
7 0.158594 0.594444 0.0515625 0.0833333
7 0.125 0.597222 0.04375 0.0944444
7 0.549609 0.561806 0.0289063 0.0597222
7 0.501953 0.544444 0.0242187 0.0361111
7 0.928516 0.524306 0.0867188 0.0791667
7 0.517578 0.553472 0.0210938 0.0402778
2 0.736719 0.379861 0.0234375 0.0291667
1 0.873438 0.373611 0.040625 0.0583333
1 0.828125 0.376389 0.0296875 0.0527778
7 0.285547 0.574306 0.0289063 0.0402778
2 0.625 0.452083 0.0265625 0.0486111
7 0.340625 0.567361 0.0359375 0.0402778
1 0.847656 0.268056 0.0203125 0.0888889
7 0.564453 0.566667 0.0382813 0.0722222
7 0.0546875 0.616667 0.109375 0.169444
7 0.476172 0.55625 0.0398437 0.0625
7 0.227344 0.601389 0.115625 0.122222
7 0.605469 0.564583 0.075 0.104167
7 0.43125 0.568056 0.0609375 0.0944444
7 0.661328 0.580556 0.102344 0.113889
