7 0.496484 0.549306 0.0164062 0.0263889
7 0.446484 0.545139 0.0101562 0.0152778
7 0.394531 0.554861 0.015625 0.0263889
2 0.382812 0.498611 0.0140625 0.0138889
7 0.415234 0.552083 0.0117188 0.0180556
7 0.485938 0.547222 0.0140625 0.0277778
7 0.430859 0.553472 0.0164062 0.0208333
7 0.464453 0.541667 0.0117188 0.0194444
7 0.503125 0.550694 0.0171875 0.0347222
2 0.585938 0.459722 0.01875 0.025
7 0.514063 0.560417 0.0171875 0.0402778
3 0.635938 0.552083 0.0171875 0.0791667
7 0.53125 0.568056 0.028125 0.0638889
7 0.377734 0.559722 0.0257812 0.0333333
7 0.0457031 0.608333 0.0773437 0.0777778
7 0.548047 0.572222 0.0257812 0.0805556
7 0.292969 0.577083 0.0390625 0.0402778
3 0.731641 0.546528 0.0351562 0.123611
7 0.591797 0.571528 0.0914062 0.118056
7 0.877734 0.706944 0.244531 0.505556
