3 0.747266 0.423611 0.00859375 0.0388889
2 0.801562 0.367361 0.0109375 0.0180556
1 0.433203 0.282639 0.0164062 0.0652778
1 0.972656 0.356944 0.00625 0.0166667
1 0.977344 0.358333 0.00625 0.0166667
2 0.719531 0.347917 0.0125 0.0125
7 0.944141 0.413194 0.0195312 0.0263889
7 0.914453 0.411806 0.0164062 0.0180556
2 0.439844 0.298611 0.0296875 0.0805556
7 0.99375 0.413889 0.0125 0.0444444
2 0.723828 0.272917 0.0179687 0.0319444
2 0.700781 0.390972 0.009375 0.0180556
1 0.523438 0.213194 0.009375 0.0486111
1 0.823828 0.299306 0.00703125 0.0263889
7 0.958984 0.413194 0.0148437 0.0263889
7 0.747656 0.424306 0.0578125 0.0375
1 0.429688 0.26875 0.0109375 0.0430556
1 0.996094 0.297917 0.00625 0.0236111
5 0.489453 0.45 0.202344 0.188889
7 0.928906 0.418056 0.025 0.025
1 0.514844 0.209028 0.0109375 0.0569444
1 0.681641 0.0263889 0.0273438 0.0527778
1 0.503906 0.214583 0.0125 0.0486111
7 0.973828 0.411806 0.0226563 0.0319444
1 0.653906 0.0298611 0.025 0.0569444
7 0.887891 0.4125 0.0398437 0.0305556
1 0.485156 0.213889 0.015625 0.0583333
2 0.723437 0.314583 0.0140625 0.0263889
2 0.435156 0.19375 0.028125 0.0541667
7 0.797266 0.436806 0.0460938 0.0430556
7 0.611719 0.470833 0.165625 0.15
