7 0.544922 0.570139 0.0164062 0.0319444
2 0.598828 0.501389 0.0101562 0.0138889
7 0.515234 0.555556 0.0179687 0.0194444
2 0.521875 0.53125 0.0109375 0.0208333
2 0.185547 0.414583 0.0148437 0.0263889
7 0.526172 0.5625 0.0257812 0.0166667
7 0.442187 0.572222 0.0125 0.0305556
6 0.688672 0.643056 0.0382813 0.0944444
7 0.559375 0.577083 0.034375 0.0458333
7 0.422656 0.586111 0.021875 0.0416667
3 0.762109 0.560417 0.0164062 0.0347222
7 0.476172 0.563889 0.0179687 0.0305556
7 0.407813 0.597917 0.0234375 0.0597222
7 0.457422 0.563889 0.0195312 0.0333333
1 0.174609 0.481944 0.0242187 0.0472222
1 0.15 0.481944 0.0234375 0.0472222
7 0.426953 0.573611 0.0289063 0.0444444
7 0.394922 0.606944 0.0289063 0.0722222
7 0.573828 0.588889 0.0460938 0.0583333
7 0.366406 0.610417 0.0625 0.106944
3 0.782812 0.550694 0.021875 0.0569444
2 0.195703 0.378472 0.0554687 0.0347222
3 0.0582031 0.688889 0.0601562 0.277778
7 0.5125 0.625694 0.0875 0.120833
7 0.628125 0.596528 0.078125 0.104167
7 0.331641 0.644444 0.108594 0.161111
7 0.771484 0.656944 0.171094 0.169444
