7 0.607422 0.343056 0.0101562 0.0222222
2 0.523047 0.277083 0.0148437 0.0347222
2 0.239063 0.147917 0.135937 0.0708333
2 0.198047 0.142361 0.0570313 0.0680556
2 0.234766 0.0958333 0.0414063 0.0277778
2 0.584766 0.279861 0.0335938 0.0347222
7 0.599219 0.35 0.015625 0.0361111
7 0.24375 0.341667 0.034375 0.0361111
7 0.742188 0.3625 0.0421875 0.0972222
7 0.164062 0.34375 0.0515625 0.0458333
7 0.675 0.360417 0.0453125 0.0541667
7 0.629687 0.355556 0.0484375 0.075
7 0.295312 0.361111 0.078125 0.075
7 0.869141 0.407639 0.260156 0.795833
7 0.544141 0.381944 0.122656 0.183333
