3 0.378516 0.722917 0.0101562 0.0402778
1 0.571875 0.69375 0.0078125 0.0180556
2 0.963672 0.641667 0.0164062 0.0194444
7 0.958203 0.892361 0.0820312 0.2125
7 0.410937 0.722917 0.0359375 0.0625
3 0.363672 0.722917 0.0101562 0.0458333
3 0.385547 0.722917 0.0101562 0.0402778
3 0.690234 0.793056 0.00859375 0.0388889
3 0.373437 0.723611 0.009375 0.0416667
2 0.987109 0.656944 0.0242187 0.0194444
5 0.410937 0.722917 0.034375 0.0625
2 0.974609 0.734028 0.0179687 0.0625
3 0.0113281 0.65 0.0210938 0.105556
1 0.990234 0.75 0.0179687 0.0333333
5 0.440625 0.725694 0.025 0.0486111
2 0.975 0.688889 0.0296875 0.0222222
2 0.600391 0.704167 0.0257812 0.0222222
1 0.333203 0.378472 0.0164062 0.0652778
1 0.317578 0.370833 0.0164062 0.0666667
1 0.854688 0.530556 0.0140625 0.0583333
7 0.66875 0.791667 0.0203125 0.0388889
7 0.550781 0.759028 0.025 0.0513889
7 0.246094 0.690278 0.0359375 0.0611111
7 0.126172 0.660417 0.150781 0.2625
7 0.832812 0.815278 0.0390625 0.0583333
7 0.516016 0.74375 0.0429688 0.0625
7 0.471875 0.7375 0.0453125 0.0805556
7 0.315625 0.71875 0.06875 0.0819444
7 0.7625 0.815972 0.114063 0.143056
7 0.604297 0.817361 0.132031 0.204167
