7 0.357812 0.442361 0.0109375 0.0236111
2 0.414062 0.423611 0.0078125 0.0166667
7 0.420703 0.447222 0.0179687 0.0444444
7 0.349609 0.442361 0.0132813 0.0291667
7 0.309375 0.454167 0.0265625 0.0583333
2 0.651563 0.282639 0.021875 0.0319444
2 0.433594 0.40625 0.009375 0.0208333
7 0.404297 0.445833 0.0179687 0.025
7 0.338281 0.440278 0.015625 0.0444444
2 0.504687 0.336806 0.0203125 0.0430556
7 0.3125 0.442361 0.0453125 0.0652778
7 0.381641 0.442361 0.0242187 0.0347222
7 0.439453 0.447222 0.0382813 0.0611111
2 0.101172 0.267361 0.0367187 0.0458333
7 0.294531 0.458333 0.0359375 0.0722222
7 0.458203 0.461806 0.0539063 0.0708333
7 0.0871094 0.538194 0.174219 0.379167
7 0.236719 0.455556 0.101562 0.144444
7 0.588672 0.514583 0.133594 0.176389
7 0.183984 0.496528 0.121094 0.1625
7 0.768359 0.577778 0.349219 0.316667
