7 0.439063 0.880556 0.0109375 0.025
7 0.403125 0.8875 0.0140625 0.0305556
7 0.391406 0.890972 0.0140625 0.0319444
7 0.0171875 0.935417 0.034375 0.129167
7 0.396875 0.888889 0.0171875 0.0305556
7 0.449609 0.879861 0.0195312 0.0291667
7 0.4125 0.88125 0.0140625 0.0319444
7 0.546484 0.897222 0.0242187 0.0583333
7 0.378906 0.889583 0.01875 0.0430556
7 0.564844 0.899306 0.0265625 0.0625
7 0.527344 0.894444 0.0265625 0.0472222
7 0.511328 0.885417 0.0289063 0.0486111
7 0.472656 0.881944 0.0203125 0.025
2 0.755078 0.734028 0.0195312 0.0291667
7 0.6 0.899306 0.0609375 0.0958333
7 0.363672 0.892361 0.0289063 0.0513889
7 0.335938 0.895833 0.04375 0.0666667
7 0.637891 0.914583 0.0757812 0.0958333
7 0.289062 0.9 0.075 0.102778
7 0.723047 0.914583 0.127344 0.165278
7 0.235156 0.913889 0.0828125 0.116667
7 0.176563 0.933333 0.114063 0.127778
7 0.870703 0.90625 0.257031 0.1875
7 0.0777344 0.934028 0.153906 0.131944
