7 0.337891 0.491667 0.0101562 0.0138889
3 0.146484 0.511806 0.0132813 0.0402778
7 0.328125 0.49375 0.0109375 0.0180556
7 0.308984 0.495833 0.0132813 0.0222222
7 0.316406 0.494444 0.0140625 0.0222222
2 0.458594 0.394444 0.0109375 0.0305556
1 0.597266 0.394444 0.0164062 0.0333333
7 0.280469 0.497917 0.021875 0.0347222
7 0.244141 0.508333 0.0179687 0.0388889
7 0.272266 0.504167 0.0195312 0.0305556
2 0.619531 0.194444 0.021875 0.05
7 0.232812 0.511806 0.025 0.0458333
7 0.297266 0.498611 0.0179687 0.025
1 0.471875 0.413194 0.0171875 0.0263889
1 0.46875 0.333333 0.0140625 0.0638889
7 0.257422 0.50625 0.0210938 0.0375
1 0.588281 0.315278 0.01875 0.0722222
5 0.378125 0.484028 0.053125 0.0986111
7 0.192188 0.522917 0.078125 0.0819444
7 0.925 0.488889 0.15 0.119444
