5 0.815625 0.364583 0.0265625 0.0569444
1 0.283984 0.290972 0.0101562 0.0347222
7 0.816016 0.365972 0.0273438 0.0597222
7 0.871875 0.355556 0.015625 0.0277778
1 0.996875 0.157639 0.00625 0.0569444
1 0.621094 0.149306 0.015625 0.0680556
2 0.716016 0.318056 0.0210938 0.0416667
3 0.149609 0.397222 0.0492188 0.180556
7 0.841406 0.375694 0.025 0.0347222
1 0.258203 0.125 0.0148437 0.0666667
1 0.0222656 0.177083 0.0117188 0.0458333
5 0.262109 0.344444 0.0539063 0.0777778
1 0.467187 0.0875 0.015625 0.0694444
1 0.451562 0.0826389 0.015625 0.0708333
7 0.0886719 0.545139 0.177344 0.440278
7 0.0761719 0.373611 0.103906 0.102778
5 0.378125 0.317361 0.129688 0.284722
7 0.546094 0.541667 0.379687 0.475
