2 0.546875 0.423611 0.0125 0.0194444
1 0.168359 0.521528 0.0101562 0.0236111
5 0.526172 0.497222 0.0945313 0.138889
2 0.153516 0.48125 0.0179687 0.0125
1 0.482422 0.410417 0.0101562 0.0402778
1 0.527734 0.409028 0.0101562 0.0402778
1 0.221484 0.402778 0.0132813 0.0472222
1 0.269141 0.384028 0.0132813 0.0513889
7 0.529297 0.561806 0.0648438 0.168056
5 0.416797 0.40625 0.114844 0.0986111
7 0.211719 0.573611 0.084375 0.119444
7 0.05 0.634722 0.1 0.15
7 0.388281 0.7 0.334375 0.513889
0 0.787891 0.5 0.424219 1
