2 0.651953 0.33125 0.0148437 0.0208333
7 0.846875 0.469444 0.0125 0.0277778
7 0.792578 0.475694 0.0164062 0.0319444
7 0.748438 0.491667 0.0265625 0.0555556
7 0.735937 0.495139 0.028125 0.0652778
7 0.723828 0.496528 0.0273438 0.0736111
7 0.759375 0.48125 0.0359375 0.0541667
7 0.933203 0.522222 0.0570313 0.0972222
7 0.8125 0.471528 0.021875 0.0375
7 0.776563 0.474306 0.028125 0.0513889
7 0.89375 0.498611 0.0296875 0.0722222
7 0.956641 0.534722 0.0601562 0.127778
7 0.148828 0.665972 0.297656 0.526389
7 0.976562 0.552778 0.046875 0.211111
7 0.691406 0.497917 0.06875 0.104167
5 0.882031 0.455556 0.065625 0.125
7 0.665625 0.515972 0.06875 0.1125
7 0.598437 0.517361 0.120312 0.173611
7 0.485156 0.5625 0.248437 0.225
