2 0.690625 0.400694 0.0109375 0.0125
2 0.659375 0.424306 0.009375 0.0180556
1 0.558984 0.377083 0.00859375 0.0180556
3 0.322656 0.44375 0.0140625 0.0458333
3 0.308203 0.450694 0.0164062 0.0458333
7 0.489453 0.483333 0.0179687 0.0611111
3 0.339063 0.443056 0.0234375 0.0555556
3 0.902344 0.522917 0.053125 0.190278
7 0.566016 0.454861 0.0242187 0.0569444
3 0.101172 0.454167 0.0195312 0.113889
7 0.507422 0.452778 0.0414063 0.0555556
7 0.475 0.472222 0.0296875 0.1
3 0.120703 0.459028 0.0242187 0.115278
3 0.167187 0.469444 0.025 0.122222
7 0.602734 0.454167 0.0648438 0.075
7 0.541016 0.454861 0.0351562 0.0819444
0 0.723047 0.458333 0.0710938 0.102778
7 0.441797 0.478472 0.0757812 0.1375
7 0.396094 0.488889 0.114063 0.172222
7 0.955078 0.539583 0.0898438 0.179167
7 0.826172 0.501389 0.128906 0.230556
7 0.634766 0.549306 0.167969 0.220833
