7 0.0253906 0.276389 0.0117188 0.0166667
2 0.234766 0.288194 0.0101562 0.0208333
1 0.549219 0.284722 0.0078125 0.0194444
7 0.426562 0.3625 0.025 0.025
7 0.335547 0.350694 0.0367187 0.0263889
7 0.289062 0.340278 0.0234375 0.0333333
7 0.034375 0.294444 0.0234375 0.0222222
7 0.0328125 0.283333 0.0171875 0.0166667
7 0.00742187 0.275694 0.0117188 0.0180556
7 0.452734 0.386111 0.0195312 0.025
1 0.521094 0.281944 0.0078125 0.025
7 0.189453 0.303472 0.0195312 0.0208333
2 0.396875 0.320139 0.0171875 0.0291667
7 0.253516 0.3375 0.0507812 0.0305556
7 0.148438 0.327083 0.075 0.0430556
2 0.292969 0.275694 0.065625 0.0625
7 0.0304688 0.335417 0.0609375 0.0847222
