3 0.240234 0.459722 0.0226563 0.0777778
7 0.491016 0.432639 0.0101562 0.0180556
7 0.458594 0.429167 0.015625 0.025
7 0.442578 0.441667 0.0148437 0.0333333
7 0.537109 0.442361 0.0367187 0.0569444
7 0.451953 0.436806 0.0148437 0.0291667
7 0.433203 0.44375 0.0210938 0.0347222
7 0.501562 0.438889 0.0140625 0.0333333
3 0.217969 0.459722 0.021875 0.1
7 0.413281 0.45 0.0328125 0.0444444
5 0.527344 0.426389 0.04375 0.0777778
7 0.475781 0.436111 0.0203125 0.0361111
7 0.350781 0.438194 0.0984375 0.193056
