2 0.329297 0.429167 0.0117188 0.0138889
7 0.384375 0.465972 0.0125 0.0180556
3 0.628516 0.477083 0.0101562 0.0708333
7 0.426562 0.459722 0.0140625 0.025
2 0.0949219 0.397917 0.0132813 0.0458333
7 0.371094 0.468056 0.0140625 0.0194444
7 0.390234 0.463889 0.0132813 0.0194444
7 0.377734 0.467361 0.0132813 0.0180556
2 0.495313 0.404167 0.0203125 0.0111111
1 0.378906 0.404167 0.00625 0.0194444
3 0.1 0.460417 0.0140625 0.0263889
2 0.355469 0.405556 0.0171875 0.0111111
7 0.285937 0.473611 0.025 0.0416667
7 0.413281 0.464583 0.0140625 0.0236111
7 0.353125 0.46875 0.0203125 0.0263889
3 0.0339844 0.454167 0.0132813 0.0222222
2 0.533203 0.190278 0.0523437 0.0361111
2 0.704297 0.206944 0.0257812 0.0194444
1 0.708594 0.377778 0.025 0.0361111
7 0.303906 0.473611 0.0234375 0.0333333
7 0.269922 0.477778 0.0273438 0.0388889
3 0.575 0.509028 0.028125 0.131944
3 0.682031 0.525694 0.0265625 0.123611
7 0.0125 0.508333 0.025 0.105556
1 0.454297 0.1625 0.0132813 0.0638889
3 0.598828 0.507639 0.0242187 0.143056
7 0.117188 0.497917 0.0609375 0.0597222
2 0.689453 0.0791667 0.0398437 0.0833333
7 0.241797 0.475694 0.0429688 0.0541667
2 0.982813 0.240972 0.0296875 0.0875
7 0.174609 0.484722 0.0539063 0.0638889
2 0.580078 0.211806 0.0429688 0.0541667
2 0.688672 0.273611 0.0476562 0.0555556
7 0.0507812 0.500694 0.096875 0.0847222
7 0.475391 0.538889 0.133594 0.188889
