7 0.305469 0.409028 0.009375 0.0152778
1 0.301953 0.372917 0.00703125 0.0180556
1 0.350391 0.372222 0.00703125 0.0166667
7 0.277734 0.41875 0.0117188 0.0208333
7 0.243359 0.423611 0.0148437 0.0305556
7 0.26875 0.420139 0.0140625 0.0236111
7 0.315234 0.40625 0.0101562 0.0152778
7 0.365234 0.40625 0.0132813 0.0208333
7 0.344141 0.405556 0.0117188 0.0194444
7 0.257422 0.421528 0.0179687 0.0263889
7 0.295312 0.409722 0.0171875 0.0194444
7 0.725 0.377083 0.090625 0.0347222
7 0.230859 0.425694 0.0210938 0.0347222
7 0.216016 0.430556 0.0226563 0.0333333
7 0.38125 0.4125 0.0171875 0.0277778
7 0.414062 0.421528 0.021875 0.0375
7 0.647656 0.413194 0.06875 0.0652778
7 0.398828 0.414583 0.0226563 0.0347222
7 0.435937 0.425 0.0390625 0.05
7 0.122656 0.452778 0.0453125 0.0583333
7 0.0179687 0.479861 0.0359375 0.0958333
7 0.498047 0.425694 0.0632813 0.106944
7 0.898828 0.407639 0.202344 0.170833
7 0.0789063 0.4625 0.075 0.0694444
7 0.178906 0.450694 0.075 0.0819444
7 0.553516 0.439583 0.117969 0.129167
7 0.719141 0.479861 0.211719 0.193056
