1 0.739844 0.282639 0.0109375 0.0430556
1 0.248047 0.334028 0.0132813 0.0291667
2 0.641406 0.289583 0.015625 0.0152778
1 0.646875 0.336111 0.0171875 0.0277778
1 0.55 0.202083 0.0109375 0.0458333
1 0.528516 0.204167 0.0101562 0.0416667
1 0.539453 0.201389 0.0117188 0.0444444
1 0.282422 0.135417 0.0148437 0.0625
1 0.269531 0.1375 0.0125 0.0583333
0 0.510547 0.359028 0.0476562 0.0430556
2 0.0128906 0.179861 0.0257812 0.0236111
1 0.298438 0.1375 0.015625 0.0583333
2 0.0144531 0.143056 0.0273438 0.0305556
1 0.0109375 0.283333 0.021875 0.0416667
1 0.768359 0.280556 0.0257812 0.0444444
7 0.447656 0.404167 0.0203125 0.0277778
7 0.553906 0.409722 0.0234375 0.0388889
7 0.110547 0.544444 0.221094 0.513889
7 0.357812 0.414583 0.05 0.0736111
7 0.421094 0.410417 0.04375 0.0736111
7 0.385938 0.430556 0.0765625 0.0944444
7 0.501172 0.452778 0.108594 0.155556
7 0.707422 0.46875 0.169531 0.181944
7 0.867578 0.553472 0.264844 0.365278
