4 0.0199219 0.5375 0.0367187 0.0916667
7 0.506641 0.533333 0.0210938 0.0583333
2 0.435547 0.491667 0.0101562 0.0194444
2 0.582422 0.425 0.0132813 0.0194444
2 0.989062 0.332639 0.01875 0.0375
4 0.0972656 0.527083 0.0289063 0.0541667
8 0.028125 0.515278 0.0296875 0.144444
3 0.028125 0.5125 0.0296875 0.127778
7 0.414453 0.525 0.0117188 0.0277778
7 0.297656 0.50625 0.034375 0.0263889
7 0.409766 0.524306 0.0132813 0.0263889
7 0.405078 0.524306 0.0117188 0.0263889
2 0.160156 0.409028 0.0296875 0.0291667
4 0.110156 0.526389 0.025 0.0527778
4 0.0402344 0.536111 0.0257812 0.0555556
2 0.040625 0.443056 0.0109375 0.0277778
7 0.431641 0.524306 0.0195312 0.0319444
7 0.420312 0.525694 0.0125 0.0291667
4 0.720703 0.54375 0.0335938 0.0597222
4 0.0863281 0.529861 0.0335938 0.0597222
7 0.519141 0.533333 0.0367187 0.0666667
7 0.439844 0.527778 0.01875 0.0305556
7 0.470703 0.530556 0.0226563 0.0361111
1 0.694922 0.399306 0.0210938 0.0375
2 0.693359 0.300694 0.0382813 0.0208333
7 0.455469 0.526389 0.0265625 0.0388889
1 0.117188 0.409028 0.0203125 0.0319444
7 0.490625 0.528472 0.03125 0.0486111
3 0.0605469 0.527778 0.0289063 0.127778
7 0.283984 0.534722 0.0242187 0.0611111
1 0.535937 0.115278 0.021875 0.0833333
1 0.513672 0.113889 0.0179687 0.0888889
7 0.53125 0.540278 0.034375 0.0722222
2 0.673828 0.35 0.0398437 0.0277778
3 0.951563 0.561806 0.0859375 0.3125
7 0.381641 0.529861 0.0429688 0.0819444
3 0.870313 0.530556 0.0484375 0.130556
7 0.570703 0.547222 0.0742188 0.0916667
7 0.235156 0.532639 0.0875 0.0930556
7 0.330469 0.538194 0.09375 0.0902778
