7 0.366016 0.547222 0.0367187 0.0722222
1 0.460938 0.427083 0.0078125 0.0291667
1 0.361719 0.409722 0.0078125 0.0305556
5 0.367969 0.529861 0.040625 0.101389
1 0.468359 0.425694 0.00859375 0.0291667
1 0.251563 0.490278 0.0171875 0.025
1 0.369922 0.407639 0.00859375 0.0319444
2 0.717969 0.374306 0.025 0.0375
7 0.539844 0.558333 0.0359375 0.0861111
7 0.279687 0.56875 0.065625 0.0736111
7 0.575391 0.552778 0.0695312 0.119444
7 0.851172 0.504167 0.296094 0.275
7 0.639844 0.55625 0.135937 0.134722
7 0.451172 0.531944 0.153906 0.163889
7 0.121094 0.513194 0.242188 0.284722
