7 0.589453 0.6375 0.0132813 0.0305556
1 0.723437 0.564583 0.015625 0.0208333
7 0.433984 0.643056 0.0304688 0.0305556
2 0.714063 0.546528 0.0171875 0.0125
7 0.659766 0.634028 0.0132813 0.0291667
1 0.701563 0.586111 0.0125 0.0166667
4 0.671875 0.641667 0.0140625 0.0472222
8 0.671094 0.621528 0.0171875 0.0625
7 0.691016 0.636111 0.0226563 0.0722222
1 0.532812 0.598611 0.0109375 0.0166667
7 0.524219 0.640278 0.01875 0.0666667
1 0.641797 0.523611 0.00703125 0.025
2 0.530469 0.567361 0.0140625 0.0125
2 0.722656 0.536111 0.0203125 0.0138889
1 0.580078 0.507639 0.00859375 0.0291667
1 0.571875 0.507639 0.0078125 0.0263889
7 0.603125 0.636806 0.0203125 0.0319444
7 0.736719 0.65 0.0328125 0.147222
7 0.535937 0.643056 0.0203125 0.0527778
7 0.571875 0.638194 0.0203125 0.0319444
7 0.86875 0.523611 0.260938 0.619444
7 0.713281 0.645139 0.053125 0.1125
7 0.632031 0.634028 0.0421875 0.0541667
7 0.489062 0.645139 0.075 0.0958333
7 0.135156 0.693056 0.26875 0.258333
7 0.314453 0.681944 0.135156 0.191667
