7 0.494141 0.401389 0.0117188 0.0194444
7 0.496484 0.396528 0.0101562 0.0180556
2 0.307422 0.353472 0.0117188 0.0208333
7 0.480469 0.419444 0.0140625 0.0222222
7 0.490234 0.404861 0.0117188 0.0208333
2 0.553516 0.394444 0.00859375 0.0194444
7 0.484766 0.415972 0.0132813 0.0208333
7 0.539453 0.427083 0.0148437 0.0263889
7 0.546094 0.440278 0.0140625 0.0388889
7 0.474219 0.428472 0.01875 0.0263889
7 0.553516 0.443056 0.0179687 0.0444444
2 0.600391 0.377083 0.0164062 0.0347222
7 0.0269531 0.626389 0.0539063 0.269444
7 0.4375 0.446528 0.0328125 0.0486111
7 0.520703 0.419444 0.0210938 0.0305556
7 0.458984 0.44375 0.0226563 0.0347222
7 0.412109 0.459028 0.0273438 0.0597222
2 0.345703 0.311806 0.0242187 0.0486111
7 0.951953 0.713889 0.0960938 0.375
7 0.396484 0.463889 0.0320312 0.0694444
7 0.350781 0.488194 0.0421875 0.101389
7 0.3625 0.465972 0.0671875 0.0986111
7 0.252344 0.497917 0.170312 0.159722
7 0.573828 0.447222 0.0398437 0.0611111
7 0.635156 0.464583 0.0953125 0.151389
7 0.121484 0.55 0.242969 0.219444
7 0.709375 0.494444 0.146875 0.194444
