2 0.586328 0.553472 0.0101562 0.0180556
7 0.521875 0.572222 0.009375 0.0166667
2 0.439453 0.556944 0.0101562 0.0194444
2 0.649219 0.548611 0.0171875 0.0388889
7 0.53125 0.578472 0.0171875 0.0236111
7 0.4875 0.571528 0.0140625 0.0180556
7 0.510938 0.575 0.0140625 0.0222222
7 0.549219 0.575 0.0140625 0.0222222
2 0.300781 0.541667 0.0140625 0.0444444
7 0.423438 0.581944 0.0296875 0.0416667
7 0.469141 0.584028 0.0273438 0.0402778
7 0.59375 0.602083 0.0578125 0.0652778
7 0.346094 0.595139 0.065625 0.0875
