2 0.722656 0.397917 0.0109375 0.0152778
7 0.504687 0.448611 0.0125 0.0166667
2 0.68125 0.435417 0.021875 0.0208333
7 0.272266 0.450694 0.0367187 0.0208333
7 0.605078 0.44375 0.0117188 0.0180556
2 0.66875 0.40625 0.0140625 0.0263889
7 0.630078 0.468056 0.0164062 0.0361111
2 0.720703 0.411806 0.0164062 0.0152778
7 0.619922 0.454861 0.0148437 0.0236111
7 0.365234 0.455556 0.0226563 0.025
2 0.73125 0.385417 0.01875 0.0152778
2 0.417188 0.3875 0.01875 0.0138889
2 0.293359 0.336806 0.0273438 0.0208333
7 0.651953 0.485417 0.0179687 0.0541667
7 0.640625 0.475694 0.0234375 0.0430556
7 0.343359 0.45 0.0257812 0.0166667
7 0.200781 0.451389 0.0796875 0.0444444
2 0.484766 0.407639 0.0132813 0.0236111
7 0.392969 0.454861 0.0296875 0.0263889
2 0.829687 0.311806 0.0203125 0.0263889
2 0.720312 0.334028 0.0171875 0.0486111
7 0.851953 0.569444 0.296094 0.391667
7 0.0546875 0.445139 0.107813 0.0541667
7 0.688281 0.491667 0.071875 0.0888889
7 0.582812 0.509722 0.0890625 0.105556
7 0.451562 0.491667 0.08125 0.133333
