7 0.450391 0.459722 0.0117188 0.0222222
7 0.513672 0.461806 0.0132813 0.0236111
2 0.488281 0.410417 0.0109375 0.0180556
2 0.466016 0.369444 0.0585938 0.025
2 0.626172 0.415972 0.0179687 0.0208333
2 0.364453 0.392361 0.0226563 0.0486111
7 0.523047 0.467361 0.0148437 0.0291667
7 0.432813 0.3375 0.0546875 0.0222222
2 0.505469 0.411806 0.021875 0.0263889
7 0.25625 0.328472 0.05 0.0236111
7 0.537109 0.472222 0.0257812 0.0416667
2 0.625781 0.383333 0.025 0.0416667
7 0.294141 0.469444 0.0289063 0.0305556
7 0.432031 0.475694 0.0359375 0.0625
7 0.48125 0.495833 0.071875 0.108333
7 0.355469 0.491667 0.084375 0.116667
