2 0.154297 0.293056 0.00703125 0.0138889
7 0.357812 0.316667 0.015625 0.0166667
7 0.560938 0.316667 0.01875 0.0166667
7 0.400781 0.313889 0.0109375 0.0166667
7 0.374609 0.320139 0.0117188 0.0208333
7 0.445312 0.315278 0.0109375 0.0194444
7 0.578516 0.311806 0.0164062 0.0180556
7 0.455078 0.315278 0.0164062 0.0222222
7 0.388281 0.320833 0.021875 0.0277778
7 0.613672 0.316667 0.0210938 0.0361111
7 0.226172 0.319444 0.0367187 0.025
7 0.18125 0.327083 0.028125 0.0152778
7 0.4125 0.315972 0.01875 0.0236111
2 0.674219 0.260417 0.0203125 0.0402778
2 0.647656 0.255556 0.0171875 0.0305556
2 0.482812 0.272222 0.021875 0.0333333
7 0.332812 0.325694 0.03125 0.0375
7 0.537109 0.330556 0.0320312 0.0555556
2 0.433203 0.2375 0.0539063 0.0361111
7 0.601953 0.328472 0.0335938 0.0541667
7 0.0273438 0.354861 0.0546875 0.0708333
7 0.572656 0.357639 0.059375 0.0791667
7 0.276953 0.336111 0.0539063 0.0611111
7 0.084375 0.377083 0.13125 0.106944
