7 0.31875 0.355556 0.0171875 0.0416667
7 0.539062 0.375 0.0109375 0.0277778
7 0.419922 0.361806 0.0179687 0.0125
7 0.402344 0.35625 0.0234375 0.0236111
7 0.529297 0.372222 0.0132813 0.0333333
7 0.144922 0.355556 0.0710938 0.0666667
7 0.378906 0.355556 0.025 0.0277778
7 0.928125 0.434722 0.14375 0.230556
7 0.282813 0.360417 0.0796875 0.0652778
7 0.346094 0.352083 0.0453125 0.0486111
7 0.247266 0.358333 0.0367187 0.0583333
7 0.571094 0.373611 0.0609375 0.0944444
7 0.492578 0.380556 0.0695312 0.111111
7 0.0570313 0.363194 0.114063 0.123611
