7 0.230469 0.500694 0.025 0.0263889
5 0.270312 0.468056 0.0140625 0.0277778
7 0.244922 0.483333 0.0195312 0.0333333
7 0.370313 0.504167 0.0125 0.0305556
3 0.68125 0.517361 0.03125 0.104167
3 0.6625 0.501389 0.021875 0.113889
7 0.224219 0.506944 0.0203125 0.025
5 0.0574219 0.465278 0.114844 0.361111
7 0.301953 0.484028 0.0132813 0.0208333
7 0.235547 0.495139 0.0179687 0.0236111
7 0.387891 0.50625 0.0320312 0.0430556
7 0.425391 0.509722 0.0445312 0.0638889
5 0.147656 0.492361 0.1 0.170833
7 0.344141 0.527083 0.0570313 0.0847222
0 0.544531 0.478472 0.184375 0.243056
