2 0.559766 0.265972 0.0117188 0.0208333
7 0.321875 0.371528 0.0171875 0.0263889
7 0.414844 0.377778 0.015625 0.0416667
3 0.532812 0.377083 0.015625 0.0430556
7 0.328125 0.372222 0.0125 0.025
7 0.315234 0.371528 0.0179687 0.0319444
7 0.409375 0.372917 0.015625 0.0347222
7 0.338281 0.373611 0.0125 0.0194444
7 0.380078 0.36875 0.0164062 0.0263889
7 0.662891 0.459028 0.189844 0.306944
7 0.301953 0.374306 0.0179687 0.0375
3 0.496875 0.381944 0.0109375 0.05
2 0.557422 0.246528 0.0335938 0.0208333
7 0.214062 0.394444 0.040625 0.0694444
7 0.280859 0.370139 0.0320312 0.0541667
7 0.428516 0.381944 0.0320312 0.0527778
7 0.0992187 0.41875 0.132812 0.115278
7 0.260156 0.3875 0.0546875 0.0583333
7 0.447656 0.391667 0.04375 0.0555556
7 0.871094 0.666667 0.254687 0.633333
7 0.16875 0.395833 0.06875 0.102778
7 0.555078 0.438889 0.0773437 0.197222
