2 0.632812 0.521528 0.0078125 0.0180556
7 0.586328 0.550694 0.0117188 0.0319444
7 0.632031 0.561806 0.01875 0.0486111
1 0.655469 0.475 0.0078125 0.025
1 0.439453 0.409028 0.0101562 0.0291667
1 0.446875 0.409722 0.009375 0.0305556
7 0.622656 0.553472 0.01875 0.0402778
7 0.610156 0.55 0.0125 0.0277778
1 0.591797 0.446528 0.00859375 0.0263889
7 0.648438 0.568056 0.0328125 0.0638889
5 0.566406 0.519444 0.0453125 0.0888889
7 0.666016 0.58125 0.0367187 0.109722
7 0.539062 0.568056 0.0296875 0.1
2 0.936328 0.384722 0.0320312 0.111111
7 0.188281 0.492361 0.375 0.623611
7 0.562891 0.552778 0.0398437 0.0694444
7 0.508203 0.588194 0.0664062 0.156944
2 0.751562 0.46875 0.0421875 0.0736111
2 0.936328 0.164583 0.0492188 0.109722
7 0.910156 0.763194 0.179688 0.379167
2 0.933203 0.277778 0.0460938 0.108333
7 0.712891 0.590972 0.0945313 0.156944
7 0.421484 0.636111 0.191406 0.288889
7 0.780078 0.6375 0.171094 0.194444
