3 0.694141 0.589583 0.0148437 0.0625
7 0.551562 0.569444 0.025 0.0111111
3 0.725391 0.601389 0.0132813 0.0833333
2 0.810547 0.240278 0.0132813 0.0333333
7 0.446094 0.563889 0.0203125 0.0333333
7 0.517578 0.601389 0.0242187 0.0611111
1 0.650781 0.465972 0.009375 0.0319444
3 0.907422 0.602778 0.0273438 0.102778
7 0.499219 0.593056 0.01875 0.0611111
1 0.533984 0.452083 0.00703125 0.0291667
2 0.844531 0.272222 0.040625 0.025
2 0.844531 0.247222 0.0421875 0.0222222
3 0.873828 0.596528 0.0289063 0.0902778
7 0.633984 0.575694 0.0492188 0.0319444
2 0.821094 0.202778 0.040625 0.0277778
3 0.838281 0.604861 0.0203125 0.101389
7 0.534375 0.623611 0.0484375 0.105556
3 0.988281 0.645139 0.0234375 0.184722
2 0.819141 0.432639 0.0507812 0.0291667
2 0.822656 0.147917 0.034375 0.0847222
2 0.819531 0.359028 0.0515625 0.0791667
7 0.470313 0.6 0.0625 0.0916667
0 0.224609 0.445139 0.449219 0.793056
7 0.605078 0.697917 0.188281 0.259722
