1 0.284375 0.444444 0.009375 0.0222222
1 0.499219 0.440278 0.00625 0.0166667
3 0.603906 0.502083 0.0109375 0.0430556
8 0.586719 0.5 0.0140625 0.0444444
4 0.586719 0.513194 0.0171875 0.0319444
1 0.589063 0.404167 0.009375 0.0333333
1 0.452734 0.436111 0.00703125 0.0194444
1 0.178125 0.415278 0.0125 0.0333333
7 0.835156 0.475 0.0515625 0.0222222
3 0.608203 0.498611 0.0101562 0.0416667
1 0.351172 0.31875 0.0101562 0.0375
1 0.165234 0.415972 0.0179687 0.0319444
2 0.714453 0.305556 0.0101562 0.0194444
7 0.424219 0.5 0.0203125 0.0333333
7 0.470313 0.499306 0.0140625 0.0208333
1 0.730469 0.405556 0.0171875 0.0305556
2 0.280078 0.407639 0.0148437 0.0152778
1 0.359375 0.319444 0.009375 0.0361111
7 0.0792969 0.538194 0.0976562 0.0763889
2 0.714453 0.372222 0.0179687 0.0555556
7 0.401953 0.497917 0.0289063 0.0569444
2 0.725391 0.320833 0.0226563 0.0166667
7 0.187109 0.511111 0.0773437 0.0472222
1 0.342187 0.319444 0.0078125 0.0333333
1 0.516406 0.295139 0.0109375 0.0458333
1 0.504687 0.295139 0.0109375 0.0430556
7 0.859375 0.496528 0.0328125 0.0541667
7 0.541406 0.502083 0.0234375 0.0291667
3 0.0480469 0.536806 0.0335938 0.151389
7 0.501562 0.5 0.028125 0.0416667
7 0.105469 0.51875 0.103125 0.0875
7 0.941016 0.640972 0.117969 0.381944
7 0.374219 0.504167 0.0453125 0.0638889
7 0.448047 0.504167 0.0351562 0.0472222
5 0.751172 0.528472 0.213281 0.218056
