7 0.658203 0.544444 0.0320312 0.0388889
2 0.642578 0.475 0.0289063 0.025
1 0.514453 0.465278 0.00703125 0.0194444
2 0.654297 0.427778 0.0179687 0.0111111
1 0.455078 0.477083 0.00703125 0.0236111
7 0.513672 0.527083 0.0101562 0.0208333
2 0.592578 0.488194 0.00859375 0.0152778
7 0.460156 0.535417 0.0234375 0.0402778
7 0.673437 0.545833 0.05 0.0444444
7 0.523047 0.527778 0.0164062 0.0222222
7 0.455078 0.552083 0.0226563 0.0597222
2 0.641406 0.447917 0.0171875 0.0291667
7 0.310156 0.560417 0.0359375 0.0958333
5 0.398828 0.538889 0.0976562 0.177778
0 0.840234 0.465278 0.319531 0.647222
7 0.153516 0.651389 0.303906 0.394444
