1 0.316016 0.434722 0.00703125 0.0166667
1 0.385547 0.463194 0.00703125 0.0152778
2 0.502734 0.311806 0.0195312 0.0208333
2 0.484375 0.435417 0.0078125 0.0263889
1 0.340234 0.429167 0.00703125 0.025
3 0.290625 0.505556 0.0109375 0.0416667
1 0.00351562 0.422222 0.00703125 0.0333333
7 0.379297 0.497222 0.0148437 0.025
7 0.361719 0.513194 0.0203125 0.0430556
1 0.408984 0.125 0.0195312 0.0611111
7 0.319531 0.502778 0.01875 0.0277778
1 0.430469 0.136111 0.0203125 0.0916667
2 0.491797 0.334028 0.0398437 0.0263889
2 0.441406 0.425694 0.0203125 0.0375
1 0.627344 0.35625 0.025 0.0402778
1 0.448438 0.139583 0.0171875 0.0819444
2 0.492188 0.372917 0.028125 0.0486111
7 0.201172 0.520833 0.0570313 0.0694444
7 0.340625 0.517361 0.0390625 0.0541667
2 0.495703 0.1875 0.0398437 0.0638889
3 0.605859 0.530556 0.0398437 0.202778
7 0.255859 0.517361 0.0632813 0.0791667
7 0.413672 0.528472 0.0695312 0.104167
7 0.846875 0.530556 0.2125 0.166667
7 0.114844 0.536111 0.09375 0.0972222
