1 0.546094 0.602083 0.0078125 0.0291667
7 0.461328 0.720833 0.0242187 0.0416667
2 0.715625 0.661806 0.0109375 0.0152778
1 0.791406 0.590972 0.0359375 0.0541667
7 0.871094 0.739583 0.0484375 0.0319444
7 0.402734 0.714583 0.0273438 0.0263889
1 0.842578 0.595139 0.0117188 0.0569444
2 0.694141 0.686111 0.0101562 0.0416667
1 0.832812 0.573611 0.0125 0.0444444
2 0.333984 0.505556 0.0210938 0.0277778
1 0.360547 0.641667 0.0101562 0.0361111
1 0.900781 0.631944 0.021875 0.0361111
1 0.467969 0.596528 0.0125 0.0513889
1 0.441797 0.583333 0.0101562 0.0333333
1 0.670703 0.5125 0.0117188 0.0444444
3 0.919531 0.723611 0.0203125 0.0611111
1 0.870313 0.532639 0.015625 0.0569444
7 0.31875 0.717361 0.125 0.0847222
2 0.355859 0.590278 0.0320312 0.0638889
1 0.789844 0.466667 0.025 0.111111
7 0.433984 0.736806 0.0429688 0.0791667
2 0.111328 0.420139 0.0523437 0.0708333
7 0.220313 0.761111 0.1 0.0972222
7 0.489062 0.765972 0.0828125 0.115278
7 0.671094 0.745833 0.071875 0.0972222
7 0.938281 0.796528 0.123438 0.154167
7 0.810156 0.769444 0.164062 0.130556
7 0.103906 0.788194 0.207813 0.190278
7 0.348047 0.817361 0.205469 0.2125
7 0.576953 0.854861 0.200781 0.2875
