7 0.397656 0.659028 0.0109375 0.0152778
7 0.359766 0.658333 0.0132813 0.025
2 0.866797 0.546528 0.0226563 0.0180556
7 0.373828 0.656944 0.0101562 0.0166667
7 0.364062 0.658333 0.0125 0.0222222
7 0.353516 0.659722 0.0132813 0.025
7 0.426562 0.661806 0.0140625 0.0208333
2 0.869922 0.597917 0.0210938 0.0625
7 0.3375 0.6625 0.0234375 0.0305556
7 0.439844 0.665972 0.01875 0.0291667
7 0.457031 0.667361 0.025 0.0402778
7 0.482422 0.672222 0.0476562 0.0722222
7 0.313281 0.664583 0.028125 0.0347222
7 0.271094 0.668056 0.0515625 0.0583333
7 0.203906 0.663194 0.0875 0.106944
