7 0.508594 0.470139 0.0234375 0.0291667
7 0.454688 0.459722 0.0140625 0.0388889
7 0.501953 0.472917 0.0148437 0.0263889
7 0.412891 0.447917 0.0242187 0.0680556
7 0.515625 0.470139 0.015625 0.0319444
7 0.521094 0.470139 0.0140625 0.0347222
7 0.444141 0.459722 0.0148437 0.0388889
3 0.991406 0.476389 0.0171875 0.155556
7 0.532812 0.465972 0.0171875 0.0458333
7 0.402734 0.447222 0.0226563 0.0694444
7 0.429297 0.458333 0.0195312 0.0444444
2 0.673437 0.322917 0.01875 0.0236111
7 0.551953 0.461806 0.0320312 0.0652778
7 0.476172 0.459028 0.0398437 0.0541667
7 0.373047 0.4375 0.0585938 0.0916667
3 0.881641 0.520833 0.0695312 0.344444
3 0.171094 0.402083 0.0390625 0.143056
7 0.578516 0.4625 0.0460938 0.0861111
7 0.639063 0.463194 0.109375 0.168056
7 0.311328 0.430556 0.108594 0.113889
7 0.747656 0.506944 0.210938 0.236111
