1 0.751562 0.502083 0.0125 0.0236111
1 0.147266 0.510417 0.0242187 0.0319444
1 0.761328 0.501389 0.0132813 0.0222222
2 0.653125 0.493056 0.0125 0.0111111
4 0.980078 0.623611 0.0398437 0.0805556
1 0.314063 0.540972 0.0109375 0.0208333
2 0.561719 0.439583 0.0109375 0.0236111
1 0.740625 0.465972 0.0109375 0.0375
2 0.722266 0.445139 0.0148437 0.0208333
2 0.645703 0.522222 0.0101562 0.025
1 0.323047 0.500694 0.0101562 0.0541667
1 0.550781 0.439583 0.009375 0.0319444
2 0.646875 0.501389 0.0171875 0.0138889
1 0.541016 0.440278 0.00859375 0.0333333
2 0.153516 0.435417 0.0210938 0.0152778
2 0.158594 0.452083 0.0125 0.0152778
1 0.365625 0.393056 0.0125 0.0416667
1 0.351562 0.392361 0.0125 0.0402778
3 0.144922 0.609722 0.0226563 0.0861111
2 0.585938 0.534722 0.015625 0.0277778
2 0.277344 0.388194 0.05 0.0236111
3 0.121094 0.615278 0.015625 0.0722222
3 0.785937 0.591667 0.0265625 0.108333
7 0.767187 0.574306 0.075 0.0736111
4 0.917969 0.608333 0.053125 0.0861111
7 0.598047 0.599306 0.0476562 0.0763889
7 0.673828 0.604861 0.119531 0.154167
7 0.458594 0.70625 0.2875 0.465278
