7 0.164453 0.674306 0.0117188 0.0180556
7 0.274609 0.676389 0.0117188 0.0166667
2 0.13125 0.629861 0.0125 0.0125
7 0.323828 0.690972 0.0117188 0.0180556
7 0.175781 0.678472 0.01875 0.0236111
7 0.316406 0.6875 0.0125 0.0166667
7 0.433203 0.68125 0.0148437 0.0152778
7 0.396094 0.681944 0.0140625 0.0138889
7 0.495313 0.680556 0.0171875 0.0138889
7 0.533594 0.677083 0.0265625 0.0208333
7 0.262891 0.675 0.0164062 0.0222222
2 0.454297 0.638889 0.0148437 0.025
7 0.196875 0.675694 0.0359375 0.0291667
7 0.966797 0.695139 0.0664062 0.0347222
7 0.0835937 0.677083 0.0390625 0.0375
7 0.240234 0.674306 0.0335938 0.0263889
7 0.382422 0.697222 0.0179687 0.0277778
7 0.496484 0.709028 0.0289063 0.0486111
7 0.124609 0.672917 0.0554687 0.0430556
7 0.337109 0.69375 0.0195312 0.0291667
2 0.520312 0.584028 0.0390625 0.0291667
7 0.440625 0.7 0.028125 0.0333333
2 0.558984 0.588889 0.0382813 0.0333333
2 0.479688 0.578472 0.04375 0.0430556
7 0.358594 0.699306 0.034375 0.0541667
2 0.0273438 0.540278 0.0546875 0.0944444
7 0.623047 0.722222 0.0929687 0.119444
7 0.547656 0.765278 0.135937 0.161111
