7 0.807813 0.333333 0.034375 0.05
5 0.192969 0.304861 0.0484375 0.0402778
7 0.441797 0.320833 0.0179687 0.0194444
7 0.269531 0.323611 0.0234375 0.0222222
7 0.738672 0.319444 0.0226563 0.0222222
7 0.340625 0.330556 0.034375 0.0333333
1 0.510547 0.255556 0.0117188 0.0194444
7 0.246094 0.319444 0.01875 0.0222222
5 0.0296875 0.321528 0.05625 0.0458333
7 0.305469 0.331944 0.04375 0.0305556
7 0.507422 0.323611 0.0289063 0.0277778
7 0.471094 0.332639 0.0578125 0.0291667
7 0.842578 0.334028 0.0523437 0.0541667
7 0.622656 0.33125 0.034375 0.0291667
5 0.0839844 0.321528 0.0679687 0.0541667
2 0.514844 0.213194 0.028125 0.0180556
7 0.574219 0.334722 0.0578125 0.0416667
1 0.351562 0.0784722 0.0109375 0.0597222
7 0.360547 0.329861 0.0617188 0.0402778
2 0.516406 0.23125 0.0296875 0.0180556
7 0.778906 0.335417 0.0765625 0.0541667
2 0.471875 0.302778 0.0125 0.0305556
7 0.531641 0.335417 0.0476562 0.0402778
1 0.375781 0.0805556 0.0125 0.0611111
2 0.0359375 0.284722 0.0140625 0.025
1 0.362891 0.075 0.0132813 0.0638889
2 0.366797 0.259722 0.0132813 0.025
1 0.210547 0.0333333 0.0195312 0.0666667
1 0.189844 0.0333333 0.01875 0.0666667
7 0.982422 0.334028 0.0351562 0.0541667
7 0.407813 0.338889 0.0734375 0.0388889
7 0.721875 0.3375 0.0359375 0.0416667
7 0.678125 0.335417 0.0625 0.0486111
2 0.428516 0.256944 0.0257812 0.0472222
7 0.90625 0.340278 0.132812 0.0805556
