2 0.267578 0.379861 0.0148437 0.0263889
2 0.303906 0.394444 0.0140625 0.0388889
7 0.864062 0.45 0.059375 0.0361111
2 0.675781 0.3125 0.0328125 0.0222222
2 0.280859 0.399306 0.0148437 0.0375
2 0.267188 0.40625 0.0140625 0.0236111
2 0.251172 0.396528 0.0132813 0.0347222
2 0.657812 0.281944 0.0140625 0.0333333
2 0.661328 0.370139 0.0179687 0.0263889
2 0.920313 0.340278 0.0171875 0.0333333
7 0.0984375 0.525694 0.196875 0.429167
7 0.278906 0.495139 0.0703125 0.109722
7 0.971875 0.50625 0.05625 0.118056
7 0.492578 0.557639 0.407031 0.545833
7 0.757812 0.5125 0.207813 0.333333
