7 0.621875 0.391667 0.0421875 0.0444444
1 0.4875 0.293056 0.009375 0.025
7 0.267188 0.384722 0.0203125 0.0472222
2 0.504297 0.298611 0.0226563 0.0166667
1 0.451562 0.261111 0.0078125 0.0305556
7 0.323047 0.378472 0.0117188 0.0319444
1 0.443359 0.2625 0.00859375 0.0305556
7 0.419531 0.379167 0.0203125 0.0416667
7 0.3375 0.375 0.01875 0.0416667
7 0.84375 0.400694 0.109375 0.0847222
7 0.252344 0.384722 0.01875 0.0833333
7 0.402734 0.382639 0.0320312 0.0513889
7 0.297266 0.370833 0.0492188 0.0805556
7 0.499219 0.475694 0.196875 0.315278
7 0.367188 0.389583 0.05625 0.0819444
7 0.612109 0.435417 0.0757812 0.1125
5 0.127734 0.456944 0.252344 0.858333
