2 0.0265625 0.302778 0.0109375 0.0333333
1 0.422656 0.314583 0.0078125 0.0236111
2 0.179297 0.396528 0.0179687 0.0347222
1 0.046875 0.30625 0.009375 0.0319444
2 0.0566406 0.340972 0.0257812 0.0152778
2 0.180078 0.363889 0.0148437 0.0277778
1 0.0589844 0.224306 0.0132813 0.0513889
1 0.0421875 0.220139 0.0140625 0.0513889
7 0.494531 0.45 0.0203125 0.0777778
2 0.459375 0.33125 0.0328125 0.0180556
7 0.0511719 0.480556 0.102344 0.280556
7 0.473437 0.448611 0.0328125 0.0972222
7 0.326172 0.554861 0.330469 0.493056
0 0.730469 0.361111 0.46875 0.605556
