7 0.584766 0.428472 0.0320312 0.0180556
7 0.639453 0.435417 0.0335938 0.0208333
1 0.674609 0.279167 0.0132813 0.0416667
1 0.655078 0.356944 0.0179687 0.0277778
1 0.993359 0.404861 0.0117188 0.0236111
2 0.85625 0.188194 0.0234375 0.0236111
1 0.994141 0.36875 0.0101562 0.0347222
1 0.362891 0.245139 0.0132813 0.0486111
1 0.866016 0.34375 0.0304688 0.0402778
7 0.707812 0.457639 0.0453125 0.0513889
1 0.507031 0.215278 0.0125 0.0527778
1 0.491406 0.215278 0.0140625 0.0527778
2 0.009375 0.227778 0.01875 0.0166667
1 0.822266 0.290972 0.0195312 0.0680556
2 0.400781 0.259722 0.0265625 0.0388889
2 0.432031 0.231944 0.0734375 0.0333333
2 0.860937 0.207639 0.03125 0.0291667
7 0.764453 0.459028 0.0710938 0.0541667
7 0.826563 0.463889 0.0953125 0.0638889
7 0.180469 0.457639 0.160938 0.145833
7 0.485547 0.568056 0.274219 0.363889
