3 0.445312 0.475 0.015625 0.0611111
7 0.517578 0.450694 0.0132813 0.0180556
1 0.544141 0.394444 0.00703125 0.025
7 0.486328 0.439583 0.0117188 0.0152778
7 0.427344 0.450694 0.0140625 0.0152778
3 0.633203 0.472222 0.0117188 0.075
3 0.401563 0.44375 0.0125 0.0263889
3 0.566797 0.461806 0.0148437 0.0458333
7 0.292578 0.465972 0.0226563 0.0319444
2 0.376953 0.418056 0.00859375 0.0138889
2 0.00664063 0.379167 0.0101562 0.0361111
3 0.641797 0.478472 0.0164062 0.0847222
2 0.115234 0.422917 0.0195312 0.0291667
2 0.263281 0.464583 0.01875 0.0319444
7 0.480078 0.453472 0.0101562 0.0208333
2 0.389453 0.461111 0.0148437 0.0305556
3 0.789062 0.475 0.028125 0.194444
1 0.688281 0.35625 0.009375 0.0430556
3 0.596875 0.459722 0.015625 0.0472222
7 0.492188 0.456944 0.0171875 0.0222222
7 0.471484 0.456944 0.0148437 0.0222222
3 0.460156 0.486111 0.015625 0.075
1 0.674609 0.354861 0.0132813 0.0458333
1 0.373437 0.390278 0.0078125 0.0305556
3 0.623047 0.479861 0.0148437 0.0791667
7 0.205859 0.485417 0.0398437 0.0375
7 0.176953 0.489583 0.0273438 0.0375
7 0.227344 0.479167 0.025 0.0333333
7 0.664062 0.474306 0.0546875 0.0486111
2 0.547656 0.335417 0.028125 0.0152778
2 0.804297 0.136111 0.0539063 0.0972222
3 0.813281 0.496528 0.0609375 0.256944
7 0.414062 0.502083 0.071875 0.0958333
7 0.531641 0.524306 0.0960938 0.1375
