2 0.583984 0.252778 0.00859375 0.0166667
2 0.824219 0.236806 0.028125 0.0513889
3 0.607813 0.344444 0.0109375 0.0277778
3 0.546484 0.358333 0.0101562 0.0444444
7 0.402344 0.340278 0.021875 0.0194444
3 0.540234 0.358333 0.0101562 0.0444444
3 0.558594 0.356944 0.009375 0.0472222
7 0.493359 0.351389 0.0179687 0.0388889
1 0.508984 0.270833 0.00859375 0.0305556
1 0.426953 0.28125 0.00859375 0.0236111
3 0.589844 0.352083 0.0140625 0.0458333
7 0.0238281 0.371528 0.0476562 0.0625
7 0.939844 0.727083 0.120312 0.459722
7 0.341797 0.38125 0.0289063 0.0986111
4 0.305469 0.433333 0.0453125 0.130556
8 0.304297 0.386111 0.0460938 0.183333
7 0.592578 0.398611 0.0367187 0.0805556
7 0.374609 0.366667 0.0414063 0.0638889
5 0.227734 0.280556 0.228906 0.394444
7 0.438281 0.439583 0.145313 0.204167
7 0.657031 0.415278 0.145313 0.205556
7 0.832422 0.493056 0.333594 0.422222
