2 0.569922 0.379167 0.00859375 0.0166667
1 0.505078 0.40625 0.0101562 0.0152778
3 0.990234 0.429861 0.0195312 0.0847222
5 0.469922 0.420833 0.0195312 0.0305556
7 0.166406 0.4625 0.015625 0.0444444
3 0.883203 0.399306 0.0164062 0.0291667
1 0.169922 0.3875 0.0132813 0.0222222
1 0.431641 0.261806 0.00859375 0.0347222
2 0.569531 0.359028 0.021875 0.0152778
1 0.744141 0.334028 0.0304688 0.0430556
1 0.571094 0.288194 0.0109375 0.0486111
7 0.944922 0.578472 0.110156 0.384722
7 0.503125 0.454167 0.0359375 0.0555556
3 0.909375 0.404167 0.0328125 0.0666667
1 0.0605469 0.0284722 0.0210938 0.0541667
7 0.472656 0.447917 0.025 0.0347222
2 0.799219 0.294444 0.028125 0.0333333
7 0.519531 0.4625 0.0484375 0.0555556
1 0.728906 0.208333 0.01875 0.0833333
5 0.213281 0.413194 0.090625 0.159722
7 0.873047 0.509722 0.177344 0.227778
7 0.0996094 0.456944 0.0742188 0.0861111
7 0.040625 0.470833 0.08125 0.0944444
7 0.700391 0.550694 0.353906 0.390278
7 0.35 0.488889 0.232812 0.363889
