5 0.190234 0.295139 0.149219 0.0819444
1 0.708594 0.302083 0.0109375 0.0319444
0 0.190234 0.295139 0.149219 0.0819444
1 0.325391 0.0763889 0.0179687 0.0888889
1 0.351953 0.0902778 0.0101562 0.0583333
2 0.952734 0.223611 0.0257812 0.0305556
1 0.342187 0.0868056 0.0125 0.0652778
1 0.732813 0.301389 0.0203125 0.0333333
2 0.736328 0.203472 0.0304688 0.0180556
2 0.951953 0.184722 0.0179687 0.0416667
7 0.784766 0.401389 0.0351562 0.05
1 0.701953 0.134722 0.0179687 0.0805556
2 0.171875 0.214583 0.021875 0.0569444
2 0.303906 0.0854167 0.01875 0.0458333
7 0.63125 0.398611 0.0375 0.05
7 0.403516 0.399306 0.0335938 0.0486111
7 0.540625 0.413889 0.0296875 0.0638889
5 0.875391 0.384028 0.149219 0.184722
7 0.253125 0.406944 0.132812 0.219444
7 0.482812 0.434722 0.117188 0.166667
7 0.132422 0.515972 0.264844 0.434722
7 0.703516 0.454167 0.182031 0.180556
