2 0.333203 0.391667 0.0335938 0.0166667
2 0.696484 0.34375 0.0257812 0.0375
1 0.453125 0.394444 0.0078125 0.0194444
7 0.942969 0.396528 0.114063 0.195833
7 0.383984 0.472222 0.0117188 0.0277778
1 0.366016 0.395833 0.00859375 0.025
7 0.371094 0.465972 0.0234375 0.0402778
3 0.597656 0.470139 0.0140625 0.0569444
2 0.573438 0.3625 0.0140625 0.0416667
3 0.628516 0.461806 0.0164062 0.0736111
7 0.396484 0.475694 0.0195312 0.0347222
8 0.163281 0.520833 0.0390625 0.141667
4 0.161328 0.558333 0.0414063 0.105556
7 0.363281 0.486111 0.034375 0.0611111
7 0.510547 0.475 0.0601562 0.0888889
7 0.0265625 0.557639 0.053125 0.234722
7 0.237891 0.513194 0.0664062 0.0763889
7 0.0972656 0.536111 0.116406 0.158333
7 0.561328 0.497222 0.0773437 0.0916667
7 0.310156 0.492361 0.0859375 0.134722
7 0.436719 0.513889 0.0953125 0.136111
7 0.807813 0.571528 0.359375 0.301389
