7 0.329297 0.409028 0.0117188 0.0180556
7 0.323438 0.411111 0.0140625 0.0166667
7 0.444922 0.423611 0.0117188 0.0388889
1 0.570703 0.278472 0.0101562 0.0347222
7 0.397656 0.405556 0.0109375 0.0138889
7 0.981641 0.486806 0.0367187 0.0486111
7 0.388281 0.406944 0.0109375 0.0166667
7 0.305859 0.4125 0.0210938 0.025
7 0.882812 0.501389 0.0234375 0.0472222
1 0.557813 0.279167 0.009375 0.0333333
7 0.992969 0.51875 0.0140625 0.0597222
1 0.566406 0.277778 0.009375 0.0361111
7 0.339844 0.413889 0.0125 0.0194444
7 0.430078 0.425694 0.0164062 0.0319444
1 0.353125 0.304167 0.0078125 0.0305556
7 0.407813 0.426389 0.0328125 0.0305556
2 0.584375 0.340278 0.0203125 0.0138889
2 0.352734 0.345833 0.0148437 0.0277778
0 0.466797 0.427083 0.0445312 0.0597222
2 0.0273438 0.0743056 0.0546875 0.0875
2 0.0253906 0.184722 0.0460938 0.102778
7 0.08125 0.427083 0.0609375 0.0513889
3 0.949219 0.505556 0.0453125 0.175
7 0.705078 0.515972 0.342969 0.395833
7 0.214453 0.447222 0.192969 0.252778
