1 0.401953 0.490278 0.0117188 0.0277778
1 0.510156 0.468056 0.00625 0.0194444
2 0.547266 0.460417 0.0179687 0.0125
1 0.347656 0.520833 0.009375 0.0194444
1 0.398828 0.490278 0.00703125 0.0277778
1 0.405859 0.490278 0.00859375 0.0277778
1 0.357422 0.497917 0.0101562 0.0236111
1 0.314063 0.504861 0.009375 0.0263889
7 0.211328 0.599306 0.0539063 0.0430556
7 0.373047 0.600694 0.0507812 0.0875
2 0.900781 0.225694 0.05625 0.145833
7 0.497656 0.650694 0.25625 0.431944
7 0.123047 0.708333 0.246094 0.516667
7 0.300391 0.634028 0.142969 0.1625
