2 0.639063 0.455556 0.0109375 0.0166667
7 0.419531 0.523611 0.0125 0.0333333
7 0.577734 0.513194 0.0398437 0.0708333
1 0.538281 0.452083 0.0078125 0.0208333
1 0.707812 0.436806 0.015625 0.0402778
2 0.0324219 0.348611 0.0164062 0.0305556
7 0.585938 0.529861 0.03125 0.0541667
1 0.723047 0.4375 0.0226563 0.0361111
0 0.576953 0.5125 0.0414063 0.0694444
7 0.605469 0.538194 0.028125 0.0736111
1 0.059375 0.384028 0.0203125 0.0430556
7 0.471875 0.51875 0.01875 0.0430556
2 0.714063 0.359028 0.0265625 0.0180556
1 0.5875 0.126389 0.021875 0.0805556
2 0.615625 0.479167 0.0140625 0.0277778
7 0.407813 0.526389 0.0265625 0.0444444
7 0.628906 0.543056 0.0546875 0.0805556
1 0.565625 0.123611 0.01875 0.0888889
2 0.695312 0.390972 0.0375 0.0236111
2 0.0324219 0.277778 0.0476562 0.0277778
7 0.515234 0.534722 0.0820312 0.147222
7 0.444922 0.524306 0.0523437 0.0708333
7 0.372656 0.524306 0.053125 0.0652778
7 0.653516 0.561111 0.0804688 0.0916667
