1 0.129688 0.547222 0.0078125 0.0277778
1 0.389453 0.46875 0.0117188 0.0375
1 0.14375 0.547222 0.0078125 0.0333333
1 0.135937 0.545833 0.0078125 0.0333333
7 0.290625 0.645139 0.0140625 0.0208333
1 0.396094 0.470139 0.0078125 0.0347222
7 0.547266 0.629861 0.0585938 0.0541667
2 0.112891 0.558333 0.0335938 0.0166667
1 0.378906 0.470139 0.0078125 0.0347222
2 0.432031 0.465278 0.0453125 0.0222222
5 0.470703 0.555556 0.110156 0.116667
7 0.348828 0.664583 0.0726563 0.123611
7 0.257031 0.678472 0.0765625 0.104167
7 0.189844 0.699306 0.103125 0.148611
7 0.641797 0.694444 0.163281 0.258333
7 0.821484 0.731944 0.357031 0.536111
7 0.477734 0.780556 0.255469 0.352778
7 0.0871094 0.728472 0.174219 0.351389
