3 0.280859 0.396528 0.0164062 0.0958333
3 0.293359 0.388194 0.0148437 0.0736111
3 0.305078 0.388194 0.0117188 0.0680556
2 0.301953 0.165278 0.0335938 0.075
1 0.338281 0.343056 0.0078125 0.025
3 0.267969 0.384722 0.015625 0.0833333
3 0.680078 0.463194 0.0148437 0.0347222
3 0.334375 0.397222 0.015625 0.0666667
5 0.41875 0.380556 0.0421875 0.0805556
4 0.701953 0.504167 0.0195312 0.0638889
3 0.715234 0.496528 0.0148437 0.0763889
7 0.636719 0.46875 0.0296875 0.0458333
3 0.657422 0.471528 0.0148437 0.0708333
2 0.926562 0.348611 0.0265625 0.0722222
3 0.25 0.395833 0.01875 0.0861111
3 0.316797 0.395833 0.0164062 0.0777778
3 0.139453 0.377778 0.0429688 0.166667
2 0.612109 0.276389 0.0382813 0.05
3 0.741016 0.484722 0.0179687 0.0888889
3 0.760156 0.497917 0.025 0.0902778
7 0.892969 0.665278 0.2125 0.391667
7 0.602344 0.473611 0.046875 0.102778
2 0.932813 0.179167 0.0796875 0.0583333
7 0.380078 0.424306 0.0695312 0.0930556
7 0.494531 0.526389 0.210938 0.316667
