1 0.717578 0.360417 0.00703125 0.0180556
2 0.748047 0.181944 0.0148437 0.0416667
1 0.685938 0.358333 0.0078125 0.0222222
2 0.341797 0.470139 0.0132813 0.0347222
5 0.632812 0.409028 0.028125 0.0319444
7 0.684766 0.427083 0.0132813 0.0236111
2 0.669531 0.360417 0.01875 0.0152778
7 0.721484 0.404861 0.0148437 0.0236111
7 0.632812 0.409722 0.028125 0.0305556
2 0.255859 0.477083 0.0148437 0.0263889
7 0.597266 0.434722 0.0148437 0.0305556
2 0.436328 0.364583 0.0242187 0.0180556
3 0.344141 0.216667 0.0148437 0.0638889
2 0.578516 0.270139 0.0257812 0.0263889
7 0.58125 0.436806 0.025 0.0347222
7 0.616797 0.4375 0.0289063 0.0416667
7 0.7 0.435417 0.0265625 0.0375
2 0.333594 0.350694 0.034375 0.0347222
2 0.245703 0.340278 0.0445312 0.0416667
7 0.655078 0.455556 0.0632813 0.0805556
2 0.791016 0.182639 0.0476562 0.0569444
2 0.780078 0.111111 0.0460938 0.0805556
2 0.78125 0.0361111 0.0984375 0.0722222
7 0.435937 0.475694 0.135937 0.179167
