1 0.535547 0.55625 0.00859375 0.0180556
1 0.604297 0.419444 0.0242187 0.0416667
1 0.466406 0.560417 0.0078125 0.0180556
2 0.902344 0.454167 0.0234375 0.0277778
2 0.258984 0.574306 0.0164062 0.0208333
2 0.900781 0.4875 0.0203125 0.0583333
3 0.710547 0.63125 0.0117188 0.0652778
1 0.800781 0.364583 0.0171875 0.0541667
1 0.257031 0.540972 0.009375 0.0319444
2 0.698828 0.527778 0.0242187 0.0166667
1 0.926172 0.489583 0.0335938 0.0486111
1 0.426172 0.445139 0.00859375 0.0347222
3 0.720312 0.629167 0.0140625 0.0722222
2 0.258984 0.513889 0.0226563 0.0166667
3 0.775 0.620139 0.0203125 0.0902778
1 0.610156 0.41875 0.0109375 0.0458333
1 0.596875 0.420139 0.0125 0.0430556
2 0.887891 0.403472 0.0226563 0.0291667
2 0.905078 0.347917 0.0257812 0.0347222
2 0.896484 0.430556 0.0429688 0.025
7 0.482031 0.642361 0.028125 0.0958333
7 0.434375 0.640972 0.05 0.0791667
7 0.650391 0.638889 0.0929687 0.141667
7 0.11875 0.681944 0.2375 0.302778
7 0.900781 0.666667 0.198437 0.225
7 0.553125 0.689583 0.164062 0.2375
7 0.337109 0.646528 0.172656 0.218056
