7 0.357812 0.402083 0.0296875 0.0402778
7 0.461328 0.384722 0.0101562 0.0166667
2 0.518359 0.317361 0.0101562 0.0152778
7 0.415625 0.385417 0.0125 0.0236111
7 0.451172 0.381944 0.0101562 0.0166667
7 0.501953 0.397917 0.0335938 0.0541667
7 0.488672 0.395833 0.0179687 0.0472222
7 0.425781 0.381944 0.0125 0.0222222
7 0.469531 0.388194 0.0140625 0.0208333
7 0.406641 0.389583 0.0210938 0.0263889
7 0.366406 0.395833 0.0296875 0.0444444
7 0.560938 0.429861 0.0359375 0.109722
7 0.337109 0.407639 0.0289063 0.0513889
7 0.7875 0.394444 0.117188 0.116667
7 0.514844 0.406944 0.0453125 0.0611111
7 0.649219 0.438889 0.179688 0.247222
7 0.263672 0.452778 0.157031 0.177778
