3 0.322266 0.434722 0.0382813 0.108333
4 0.832422 0.488889 0.0601562 0.0722222
3 0.580469 0.410417 0.0125 0.0375
2 0.0792969 0.127083 0.0132813 0.0263889
2 0.841016 0.306944 0.0242187 0.1
7 0.433984 0.419444 0.0164062 0.0388889
3 0.617578 0.434028 0.0132813 0.0680556
3 0.298438 0.429167 0.025 0.125
3 0.846875 0.425694 0.0234375 0.0902778
1 0.742969 0.330556 0.028125 0.0361111
3 0.307813 0.430556 0.021875 0.127778
3 0.794141 0.461806 0.0226563 0.126389
7 0.324609 0.43125 0.0820312 0.109722
3 0.816797 0.446528 0.0226563 0.123611
3 0.601172 0.44375 0.0179687 0.0902778
7 0.421875 0.424306 0.021875 0.0430556
7 0.405859 0.424306 0.0273438 0.0541667
7 0.131641 0.406944 0.263281 0.25
2 0.075 0.102778 0.0359375 0.025
3 0.273047 0.429861 0.0195312 0.0791667
1 0.757812 0.175 0.0171875 0.0666667
3 0.0183594 0.363889 0.0320312 0.0611111
3 0.768359 0.4625 0.0382813 0.152778
7 0.36875 0.432639 0.0375 0.0708333
2 0.769531 0.258333 0.0390625 0.025
7 0.560938 0.455556 0.0546875 0.0888889
7 0.542578 0.436111 0.0445312 0.0722222
3 0.630078 0.458333 0.0242187 0.122222
7 0.384375 0.425 0.0421875 0.0666667
3 0.73125 0.460417 0.034375 0.151389
2 0.778125 0.03125 0.034375 0.0597222
2 0.075 0.204861 0.034375 0.0819444
7 0.935938 0.471528 0.128125 0.176389
7 0.472266 0.447222 0.0757812 0.116667
