1 0.463672 0.477083 0.00703125 0.0152778
7 0.774219 0.515972 0.040625 0.0486111
1 0.139844 0.454167 0.009375 0.025
3 0.00507812 0.5125 0.0101562 0.0305556
3 0.0820312 0.510417 0.0140625 0.0236111
2 0.139453 0.385417 0.0132813 0.0125
2 0.720312 0.299306 0.0125 0.0180556
3 0.827734 0.433333 0.0257812 0.0722222
7 0.278516 0.534722 0.0117188 0.0416667
7 0.486328 0.502083 0.0320312 0.0708333
1 0.732422 0.386806 0.0242187 0.0375
7 0.438672 0.514583 0.0148437 0.0208333
7 0.424609 0.516667 0.0179687 0.0333333
2 0.728125 0.284722 0.0203125 0.0166667
3 0.0960938 0.520139 0.0125 0.0347222
1 0.121484 0.455556 0.0164062 0.025
1 0.592188 0.430556 0.015625 0.0222222
2 0.121484 0.375694 0.0179687 0.0152778
3 0.773828 0.471528 0.0195312 0.0513889
1 0.00976562 0.424306 0.0195312 0.0430556
2 0.133203 0.400694 0.0257812 0.0180556
1 0.273047 0.263194 0.0148437 0.0541667
1 0.458594 0.317361 0.0109375 0.0430556
1 0.471094 0.318056 0.0109375 0.0416667
1 0.257422 0.2625 0.0132813 0.0555556
3 0.169922 0.525694 0.0164062 0.0708333
7 0.856641 0.577083 0.285156 0.784722
2 0.577344 0.399306 0.0234375 0.0180556
2 0.717188 0.321528 0.034375 0.0236111
2 0.746094 0.273611 0.01875 0.05
3 0.738281 0.514583 0.0375 0.179167
2 0.155859 0.265972 0.0835937 0.0319444
7 0.5125 0.517361 0.0421875 0.0625
7 0.0582031 0.584028 0.116406 0.148611
7 0.615234 0.547222 0.158594 0.213889
7 0.353125 0.542361 0.146875 0.215278
