3 0.264453 0.353472 0.0148437 0.0458333
3 0.253125 0.352083 0.0109375 0.0486111
5 0.441406 0.324306 0.0328125 0.0513889
3 0.289062 0.351389 0.0140625 0.0361111
3 0.116016 0.349306 0.0179687 0.0513889
7 0.341016 0.350694 0.0382813 0.0347222
3 0.303906 0.350694 0.0125 0.0375
8 0.401953 0.365278 0.0164062 0.0555556
3 0.614062 0.368056 0.009375 0.0361111
2 0.251953 0.225694 0.0132813 0.0236111
2 0.640625 0.264583 0.0109375 0.0263889
4 0.401172 0.389583 0.0148437 0.0430556
3 0.0371094 0.375694 0.0210938 0.104167
1 0.230469 0.284722 0.0234375 0.0305556
3 0.0683594 0.347917 0.0195312 0.0541667
0 0.566406 0.347222 0.0359375 0.0638889
3 0.0210938 0.376389 0.021875 0.116667
1 0.667188 0.173611 0.0125 0.0472222
3 0.00742187 0.372222 0.0148437 0.130556
3 0.205078 0.365278 0.0210938 0.0805556
3 0.135156 0.386806 0.0484375 0.129167
3 0.0890625 0.349306 0.015625 0.0625
3 0.0535156 0.381944 0.0242187 0.113889
7 0.420312 0.363889 0.028125 0.0472222
1 0.394531 0.0930556 0.0109375 0.0555556
1 0.405469 0.0909722 0.0140625 0.0597222
1 0.419922 0.09375 0.0132813 0.0569444
0 0.829687 0.357639 0.340625 0.715278
7 0.380469 0.36875 0.0421875 0.0625
7 0.584375 0.377083 0.0328125 0.0458333
2 0.246094 0.138889 0.03125 0.0527778
7 0.496875 0.420833 0.148438 0.241667
