7 0.414844 0.475694 0.0109375 0.0152778
7 0.501562 0.478472 0.009375 0.0263889
1 0.725 0.352778 0.00625 0.0166667
2 0.709766 0.367361 0.0117188 0.00972222
2 0.582422 0.450694 0.0101562 0.0180556
5 0.479297 0.469444 0.0414063 0.0888889
7 0.479297 0.470139 0.0414063 0.0902778
2 0.351172 0.425694 0.0289063 0.0263889
2 0.535547 0.409722 0.0539063 0.025
7 0.383594 0.477083 0.0109375 0.0180556
7 0.666016 0.477778 0.0289063 0.0416667
2 0.729297 0.403472 0.0132813 0.0263889
7 0.509375 0.476389 0.0125 0.0222222
7 0.396484 0.477778 0.0195312 0.025
7 0.454688 0.477778 0.0125 0.0305556
7 0.334375 0.483333 0.021875 0.0277778
7 0.523828 0.478472 0.0195312 0.0263889
7 0.355078 0.482639 0.0226563 0.0263889
7 0.548828 0.48125 0.0273438 0.0319444
7 0.264844 0.491667 0.0359375 0.0388889
7 0.781641 0.488889 0.0523437 0.0666667
5 0.287109 0.46875 0.0382813 0.0652778
7 0.590625 0.4875 0.040625 0.0472222
7 0.167578 0.511111 0.0867188 0.0805556
7 0.869141 0.581944 0.261719 0.355556
