1 0.46875 0.480556 0.0078125 0.0194444
1 0.424219 0.39375 0.0078125 0.0263889
7 0.0140625 0.565278 0.028125 0.105556
2 0.235938 0.415972 0.015625 0.0236111
2 0.307813 0.451389 0.015625 0.0194444
2 0.316016 0.465278 0.0195312 0.0138889
1 0.435156 0.403472 0.0125 0.0430556
7 0.461328 0.538194 0.0476562 0.1125
7 0.148047 0.569444 0.261719 0.380556
1 0.258594 0.425694 0.0140625 0.0347222
1 0.327344 0.404861 0.0125 0.0402778
7 0.488672 0.577778 0.0335938 0.125
7 0.337109 0.713194 0.355469 0.501389
0 0.732031 0.44375 0.473437 0.804167
