7 0.403906 0.563889 0.059375 0.0472222
7 0.466016 0.565972 0.0148437 0.0263889
7 0.472266 0.564583 0.0132813 0.0236111
2 0.601562 0.503472 0.0140625 0.0347222
7 0.572266 0.575694 0.0164062 0.0458333
7 0.459766 0.567361 0.0148437 0.0291667
7 0.485156 0.569444 0.0140625 0.0333333
7 0.900391 0.721528 0.199219 0.373611
6 0.197656 0.622917 0.0453125 0.120833
6 0.252344 0.623611 0.0421875 0.0916667
7 0.561719 0.572917 0.0171875 0.0375
4 0.135547 0.627778 0.0664062 0.111111
7 0.60625 0.591667 0.0296875 0.0805556
7 0.44375 0.56875 0.025 0.0402778
7 0.623828 0.595833 0.0492188 0.0916667
7 0.414062 0.575 0.0390625 0.05
7 0.5875 0.579167 0.034375 0.0583333
7 0.66875 0.60625 0.096875 0.129167
7 0.5125 0.597222 0.0625 0.0972222
7 0.730859 0.634722 0.155469 0.163889
