7 0.0421875 0.402778 0.040625 0.0527778
7 0.804297 0.434028 0.0445312 0.0375
7 0.400781 0.44375 0.0203125 0.0291667
7 0.359375 0.444444 0.0234375 0.0333333
7 0.338672 0.440278 0.0273438 0.0444444
7 0.380469 0.44375 0.0296875 0.0347222
7 0.470313 0.442361 0.0390625 0.0458333
0 0.646094 0.423611 0.321875 0.394444
7 0.31875 0.445833 0.034375 0.0444444
7 0.270703 0.442361 0.0445312 0.0763889
7 0.85625 0.455556 0.109375 0.0833333
7 0.433203 0.458333 0.0585938 0.0777778
7 0.219922 0.465972 0.0648438 0.0875
7 0.920313 0.504861 0.159375 0.1875
7 0.096875 0.464583 0.19375 0.190278
