7 0.541797 0.661806 0.0117188 0.0180556
7 0.442578 0.652083 0.0117188 0.0180556
7 0.534766 0.652778 0.0117188 0.0138889
7 0.513672 0.65 0.0117188 0.0166667
5 0.0335938 0.60625 0.0671875 0.1375
7 0.394922 0.649306 0.0132813 0.0236111
7 0.460156 0.669444 0.0171875 0.0305556
2 0.5625 0.624306 0.0125 0.0263889
7 0.432422 0.656944 0.0148437 0.0166667
2 0.276953 0.491667 0.0273438 0.0194444
2 0.355469 0.484028 0.0265625 0.0180556
7 0.520312 0.663889 0.015625 0.0277778
2 0.587891 0.513194 0.0335938 0.0180556
7 0.223438 0.634028 0.0796875 0.0708333
7 0.408984 0.656944 0.0226563 0.0222222
7 0.379687 0.658333 0.028125 0.0305556
7 0.291016 0.659028 0.0320312 0.0291667
7 0.551562 0.670833 0.0171875 0.0277778
7 0.261328 0.652083 0.0539063 0.0430556
2 0.565625 0.532639 0.0765625 0.0319444
7 0.530078 0.675694 0.0257812 0.0375
2 0.294922 0.525694 0.0664062 0.0541667
7 0.569922 0.673611 0.0289063 0.0416667
7 0.0589844 0.645833 0.114844 0.0777778
2 0.375781 0.527083 0.0703125 0.0736111
7 0.59375 0.683333 0.0359375 0.0416667
7 0.163672 0.646528 0.122656 0.0625
7 0.660937 0.698611 0.0640625 0.0666667
7 0.484766 0.702083 0.0648438 0.0930556
7 0.336719 0.697917 0.09375 0.120833
7 0.887891 0.739583 0.197656 0.151389
