4 0.765234 0.472222 0.0226563 0.0416667
4 0.735156 0.473611 0.01875 0.0333333
4 0.721875 0.474306 0.021875 0.0319444
4 0.752344 0.472917 0.0203125 0.0375
1 0.641016 0.261806 0.00859375 0.0430556
7 0.594922 0.463889 0.0257812 0.0444444
4 0.777344 0.468056 0.0265625 0.05
1 0.223438 0.406944 0.0125 0.0277778
1 0.647266 0.259028 0.0117188 0.0486111
7 0.603906 0.477083 0.0234375 0.0375
2 0.0355469 0.339583 0.0148437 0.0180556
1 0.0460938 0.409722 0.01875 0.0305556
1 0.0046875 0.128472 0.009375 0.0875
7 0.617969 0.478472 0.0203125 0.0458333
1 0.845703 0.372917 0.0195312 0.0291667
2 0.0125 0.325694 0.025 0.0180556
1 0.217578 0.277778 0.0117188 0.0472222
7 0.636719 0.478472 0.034375 0.0541667
5 0.384375 0.458333 0.0734375 0.130556
2 0.828906 0.304167 0.0296875 0.0194444
3 0.130469 0.496528 0.0171875 0.0847222
1 0.0222656 0.136806 0.0273438 0.0847222
7 0.335547 0.490278 0.0304688 0.0527778
7 0.301562 0.497222 0.059375 0.0666667
7 0.667188 0.482639 0.0546875 0.0625
7 0.0308594 0.517361 0.0617188 0.168056
7 0.496484 0.524306 0.199219 0.323611
