2 0.521484 0.459722 0.0101562 0.0277778
2 0.569922 0.460417 0.0289063 0.0708333
2 0.409766 0.488194 0.00859375 0.0180556
2 0.636328 0.297917 0.0117188 0.0263889
2 0.230859 0.454861 0.0148437 0.0152778
2 0.475391 0.501389 0.0101562 0.0166667
1 0.450781 0.474306 0.009375 0.0208333
7 0.447656 0.51875 0.0140625 0.0208333
1 0.480078 0.475 0.00703125 0.025
2 0.211328 0.51875 0.0148437 0.0430556
2 0.544141 0.488889 0.0148437 0.0277778
7 0.342578 0.542361 0.0289063 0.0402778
2 0.241406 0.417361 0.0171875 0.0430556
2 0.520703 0.436111 0.0164062 0.025
2 0.492969 0.496528 0.0109375 0.0180556
2 0.313281 0.488194 0.015625 0.0291667
2 0.54375 0.456944 0.01875 0.0305556
2 0.646875 0.322917 0.0265625 0.0236111
2 0.221484 0.549306 0.0179687 0.0291667
2 0.636328 0.382639 0.0210938 0.0513889
2 0.0589844 0.411806 0.0304688 0.0652778
7 0.0578125 0.580556 0.110937 0.111111
7 0.533594 0.567361 0.04375 0.129167
7 0.332812 0.557639 0.040625 0.0513889
2 0.628906 0.248611 0.0421875 0.0694444
7 0.142969 0.577083 0.0875 0.106944
7 0.722656 0.608333 0.298438 0.341667
7 0.577344 0.576389 0.0921875 0.191667
2 0.455078 0.275 0.130469 0.138889
