7 0.470703 0.461111 0.0117188 0.0138889
7 0.0238281 0.559028 0.0117188 0.0152778
7 0.301953 0.492361 0.0179687 0.0125
7 0.485156 0.459722 0.009375 0.0138889
7 0.419141 0.480556 0.0101562 0.0138889
7 0.252344 0.515972 0.015625 0.0263889
7 0.520703 0.469444 0.0101562 0.0166667
7 0.471875 0.473611 0.0140625 0.0194444
7 0.442578 0.472222 0.0101562 0.0138889
7 0.376172 0.490972 0.0148437 0.0208333
7 0.429297 0.479167 0.0132813 0.0166667
7 0.397266 0.509028 0.0367187 0.0513889
7 0.508203 0.479167 0.0148437 0.0222222
7 0.460938 0.491667 0.0203125 0.025
7 0.352734 0.500694 0.0210938 0.0236111
2 0.589453 0.452083 0.0304688 0.0541667
7 0.182031 0.524306 0.0390625 0.0347222
7 0.102734 0.545833 0.0601562 0.05
7 0.451562 0.543056 0.059375 0.0805556
7 0.287891 0.544444 0.0914062 0.102778
