1 0.0648438 0.335417 0.0125 0.0208333
1 0.339063 0.140972 0.0109375 0.0652778
7 0.456641 0.419444 0.0148437 0.0166667
1 0.534766 0.307639 0.0101562 0.0236111
2 0.0742188 0.319444 0.01875 0.0138889
2 0.169141 0.328472 0.0132813 0.0347222
1 0.317969 0.14375 0.0109375 0.0597222
1 0.329688 0.138889 0.015625 0.0666667
1 0.603516 0.220139 0.0179687 0.0541667
7 0.233594 0.404167 0.0203125 0.0444444
7 0.433984 0.413889 0.0195312 0.025
1 0.512891 0.201389 0.0148437 0.0555556
1 0.563672 0.0340278 0.0289063 0.0680556
2 0.606641 0.157639 0.0242187 0.0375
1 0.534375 0.197917 0.0125 0.0541667
7 0.480469 0.413889 0.0203125 0.0305556
7 0.139844 0.40625 0.04375 0.0458333
7 0.337109 0.405556 0.0289063 0.0388889
7 0.309766 0.403472 0.0351562 0.0430556
7 0.264062 0.395833 0.0609375 0.0638889
7 0.186328 0.397222 0.0648438 0.0638889
