7 0.336719 0.785417 0.0140625 0.0208333
2 0.106641 0.725694 0.0210938 0.0152778
2 0.360547 0.731944 0.0289063 0.0166667
7 0.326172 0.770139 0.0132813 0.0208333
7 0.260156 0.767361 0.0140625 0.0208333
7 0.313281 0.775694 0.015625 0.0236111
7 0.294922 0.76875 0.0242187 0.0319444
7 0.235938 0.786111 0.0203125 0.0361111
1 0.386719 0.720833 0.00625 0.0222222
5 0.277344 0.752083 0.015625 0.0291667
1 0.476953 0.774306 0.0117188 0.0180556
7 0.344531 0.772222 0.0109375 0.0166667
1 0.380859 0.720833 0.00703125 0.0222222
2 0.409375 0.727778 0.0140625 0.0194444
3 0.478906 0.826389 0.009375 0.0388889
1 0.24375 0.696528 0.0078125 0.0263889
7 0.501953 0.824306 0.0398437 0.0402778
5 0.0597656 0.577778 0.119531 0.844444
7 0.351172 0.797222 0.0195312 0.0305556
7 0.280469 0.783333 0.046875 0.025
3 0.637109 0.829167 0.0148437 0.0416667
7 0.323047 0.795139 0.0195312 0.0291667
3 0.682422 0.850694 0.0164062 0.0819444
3 0.666406 0.854861 0.0203125 0.106944
2 0.712109 0.735417 0.0273438 0.0708333
5 0.171484 0.794444 0.0742188 0.119444
7 0.119922 0.838889 0.0507812 0.0833333
3 0.824219 0.885417 0.03125 0.118056
7 0.192188 0.830556 0.0625 0.0916667
0 0.423047 0.804861 0.0992187 0.129167
7 0.375391 0.844444 0.0632813 0.0805556
7 0.278125 0.853472 0.0875 0.131944
7 0.605078 0.872222 0.102344 0.0972222
