1 0.635938 0.426389 0.00625 0.0138889
7 0.889453 0.467361 0.0429688 0.0402778
2 0.951953 0.384722 0.0179687 0.0194444
7 0.606641 0.452083 0.0101562 0.0208333
7 0.871875 0.463889 0.0359375 0.0388889
7 0.905469 0.470139 0.0421875 0.0402778
2 0.651953 0.402778 0.00859375 0.0138889
7 0.964063 0.472917 0.0671875 0.0541667
2 0.523047 0.409028 0.0132813 0.0236111
7 0.979297 0.482639 0.0414063 0.0486111
7 0.854297 0.461111 0.0320312 0.0416667
2 0.467969 0.361111 0.0140625 0.0222222
7 0.679297 0.459722 0.0164062 0.0361111
7 0.663281 0.464583 0.0265625 0.0458333
7 0.619531 0.470139 0.0296875 0.0486111
7 0.595312 0.458333 0.0203125 0.0333333
2 0.478125 0.33125 0.021875 0.0458333
7 0.739453 0.477778 0.0648438 0.0888889
7 0.569141 0.467361 0.0367187 0.0569444
7 0.646875 0.481944 0.05 0.0611111
7 0.784375 0.528472 0.139062 0.148611
