7 0.00546875 0.479861 0.0109375 0.0430556
2 0.50625 0.431944 0.0109375 0.0138889
2 0.449219 0.464583 0.025 0.0236111
2 0.432031 0.4625 0.0140625 0.0277778
7 0.483203 0.500694 0.0210938 0.0291667
7 0.419531 0.508333 0.015625 0.0277778
2 0.412891 0.4625 0.0195312 0.0194444
7 0.436328 0.522222 0.0179687 0.0472222
5 0.341406 0.519444 0.09375 0.130556
7 0.498437 0.522917 0.03125 0.0430556
7 0.400391 0.514583 0.0289063 0.0402778
7 0.0769531 0.475 0.0757812 0.0583333
7 0.461328 0.532639 0.0507812 0.0708333
5 0.196875 0.4625 0.1 0.0833333
