2 0.796094 0.4625 0.0125 0.0472222
2 0.981641 0.484028 0.0101562 0.0152778
7 0.920313 0.564583 0.021875 0.0458333
3 0.759375 0.551389 0.009375 0.0388889
0 0.0136719 0.547222 0.0273438 0.230556
7 0.847266 0.552083 0.0164062 0.0319444
7 0.829687 0.543056 0.0125 0.0222222
3 0.677344 0.565278 0.0125 0.0694444
3 0.687891 0.56875 0.0132813 0.0736111
3 0.576172 0.578472 0.0179687 0.0736111
7 0.95 0.573611 0.0375 0.0583333
7 0.801953 0.560417 0.0414063 0.0513889
7 0.908203 0.561806 0.0179687 0.0375
7 0.839453 0.550694 0.0148437 0.0291667
7 0.930469 0.56875 0.0265625 0.0486111
7 0.855469 0.563194 0.0234375 0.0486111
2 0.417188 0.455556 0.0296875 0.0444444
3 0.666016 0.573611 0.0164062 0.0666667
7 0.962891 0.58125 0.0320312 0.0625
2 0.421484 0.403472 0.0226563 0.0319444
1 0.447266 0.457639 0.0289063 0.0486111
3 0.698047 0.5875 0.0195312 0.0944444
2 0.411719 0.369444 0.04375 0.0333333
3 0.205859 0.65 0.0882813 0.380556
5 0.159766 0.577778 0.319531 0.302778
3 0.627734 0.577778 0.0226563 0.0972222
7 0.983203 0.586806 0.0335938 0.0819444
2 0.448438 0.176389 0.0390625 0.0888889
7 0.881641 0.574306 0.0507812 0.0680556
3 0.59375 0.652778 0.0515625 0.213889
7 0.791406 0.613194 0.078125 0.109722
