7 0.826172 0.467361 0.346094 0.645833
3 0.209766 0.442361 0.0132813 0.0291667
1 0.608203 0.369444 0.00859375 0.0222222
0 0.825 0.465972 0.348437 0.640278
2 0.221094 0.328472 0.0109375 0.0236111
2 0.220313 0.352778 0.015625 0.0194444
3 0.274219 0.470833 0.0125 0.0611111
3 0.323438 0.461806 0.009375 0.0375
3 0.305469 0.471528 0.0125 0.0569444
3 0.154297 0.478472 0.0179687 0.0486111
2 0.629687 0.365972 0.0234375 0.0125
7 0.621875 0.470833 0.0625 0.116667
7 0.227344 0.484722 0.096875 0.119444
7 0.460547 0.58125 0.342969 0.459722
