1 0.348437 0.347222 0.0078125 0.0194444
1 0.391406 0.295833 0.0078125 0.0194444
2 0.269531 0.325694 0.015625 0.0291667
2 0.140234 0.309722 0.0179687 0.05
2 0.337109 0.300694 0.0273438 0.0180556
7 0.0601562 0.49375 0.120312 0.243056
7 0.498828 0.382639 0.0148437 0.0347222
0 0.803125 0.410417 0.39375 0.820833
7 0.458203 0.377778 0.0695312 0.155556
7 0.290625 0.404861 0.0546875 0.0736111
7 0.323047 0.408333 0.0351562 0.0583333
7 0.274609 0.420833 0.0648438 0.0916667
7 0.212891 0.424306 0.110156 0.134722
7 0.118359 0.452778 0.167969 0.166667
5 0.544531 0.345833 0.084375 0.166667
