7 0.627344 0.542361 0.015625 0.0208333
7 0.647656 0.538194 0.0171875 0.0291667
7 0.461719 0.53125 0.0140625 0.0152778
7 0.638281 0.539583 0.015625 0.0263889
7 0.539453 0.577083 0.0132813 0.0291667
7 0.140625 0.572917 0.0234375 0.0208333
7 0.567969 0.581944 0.0125 0.0277778
7 0.413281 0.526389 0.0125 0.0166667
7 0.383594 0.526389 0.0109375 0.0166667
7 0.397656 0.526389 0.0125 0.0138889
7 0.363672 0.527083 0.0117188 0.0180556
7 0.446875 0.525 0.0125 0.0194444
7 0.872656 0.520833 0.0515625 0.0305556
7 0.292578 0.560417 0.0679687 0.0541667
7 0.373828 0.535417 0.0148437 0.0208333
7 0.43125 0.525694 0.0140625 0.0208333
7 0.348828 0.53125 0.0148437 0.0236111
7 0.183594 0.568056 0.0703125 0.0333333
7 0.464844 0.545139 0.021875 0.0319444
7 0.551953 0.581944 0.0273438 0.0388889
7 0.0347656 0.56875 0.0695312 0.0486111
7 0.401563 0.552778 0.05 0.0416667
2 0.20625 0.334028 0.0453125 0.109722
