7 0.516406 0.584028 0.0125 0.0152778
7 0.407422 0.575694 0.0210938 0.0263889
7 0.495313 0.588889 0.0171875 0.0138889
5 0.115234 0.567361 0.0695312 0.0902778
7 0.508984 0.586111 0.0117188 0.0138889
7 0.168359 0.588194 0.0507812 0.0375
7 0.583203 0.580556 0.0132813 0.0166667
5 0.349609 0.564583 0.0492188 0.0513889
2 0.488672 0.530556 0.0117188 0.0194444
7 0.565234 0.582639 0.0195312 0.0180556
7 0.545703 0.5875 0.0101562 0.0222222
2 0.489062 0.550694 0.0140625 0.0208333
5 0.304297 0.568056 0.0507812 0.0555556
5 0.0757812 0.548611 0.151562 0.133333
5 0.232812 0.561111 0.135937 0.0805556
7 0.532422 0.586806 0.0210938 0.0347222
7 0.028125 0.5875 0.05625 0.0694444
7 0.670703 0.60625 0.0882813 0.115278
