7 0.544922 0.449306 0.0242187 0.0652778
7 0.569531 0.454167 0.0109375 0.0166667
7 0.598437 0.458333 0.0140625 0.025
7 0.559375 0.450694 0.0109375 0.0319444
7 0.591797 0.455556 0.0101562 0.0194444
7 0.610156 0.465278 0.0140625 0.0305556
7 0.616797 0.46875 0.0148437 0.0375
7 0.538281 0.468056 0.0140625 0.0416667
7 0.605078 0.461111 0.0164062 0.0277778
7 0.636328 0.479861 0.0210938 0.0486111
7 0.626562 0.473611 0.0203125 0.0416667
7 0.648047 0.486111 0.0179687 0.0611111
5 0.546094 0.447222 0.021875 0.0666667
2 0.195312 0.185417 0.0390625 0.0513889
5 0.520703 0.447222 0.0304688 0.130556
5 0.715234 0.45625 0.127344 0.201389
5 0.899609 0.408333 0.196094 0.747222
5 0.437109 0.445833 0.147656 0.275
7 0.771094 0.534028 0.090625 0.229167
7 0.14375 0.670833 0.2875 0.658333
7 0.303516 0.510417 0.269531 0.329167
