1 0.667188 0.197917 0.0234375 0.0458333
2 0.427344 0.249306 0.0078125 0.0180556
1 0.433984 0.259028 0.00703125 0.0152778
1 0.279687 0.267361 0.00625 0.0208333
2 0.561719 0.267361 0.0125 0.0263889
2 0.561328 0.247222 0.0132813 0.0333333
1 0.417188 0.250694 0.0078125 0.0180556
7 0.466797 0.304861 0.0195312 0.0263889
2 0.560938 0.227778 0.015625 0.0361111
2 0.460938 0.258333 0.0171875 0.0111111
2 0.712891 0.272917 0.00859375 0.0208333
2 0.757422 0.197222 0.0132813 0.0194444
2 0.258984 0.21875 0.0273438 0.0236111
7 0.524219 0.113889 0.05 0.0194444
0 0.376953 0.305556 0.124219 0.0611111
5 0.433594 0.295833 0.015625 0.0388889
7 0.363672 0.327083 0.0398437 0.0319444
2 0.75 0.174306 0.025 0.0291667
2 0.579297 0.228472 0.0226563 0.0152778
2 0.259766 0.249306 0.0320312 0.0375
2 0.527734 0.252083 0.0164062 0.0236111
2 0.686719 0.01875 0.0171875 0.0375
2 0.832422 0.15625 0.0164062 0.0263889
7 0.277734 0.333333 0.0664062 0.108333
2 0.833203 0.120139 0.0148437 0.0430556
2 0.713281 0.207639 0.025 0.0402778
7 0.405078 0.329167 0.0304688 0.0388889
2 0.578125 0.125 0.01875 0.0472222
2 0.254687 0.1625 0.0265625 0.0444444
1 0.682813 0.115278 0.01875 0.0833333
2 0.680078 0.181944 0.0789063 0.0861111
