7 0.613281 0.670139 0.040625 0.0347222
7 0.560547 0.659722 0.0523437 0.0277778
7 0.629687 0.660417 0.0265625 0.0208333
3 0.619922 0.679167 0.0195312 0.0388889
2 0.251172 0.605556 0.0164062 0.0555556
7 0.455469 0.675 0.0453125 0.0527778
2 0.552344 0.563889 0.0140625 0.0194444
7 0.478516 0.677083 0.0445312 0.0569444
7 0.494531 0.680556 0.0453125 0.0638889
7 0.114844 0.66875 0.0171875 0.0236111
1 0.223438 0.494444 0.0109375 0.0416667
1 0.353516 0.441667 0.0101562 0.0444444
7 0.231641 0.667361 0.0195312 0.0291667
1 0.885156 0.541667 0.0375 0.0527778
2 0.223438 0.550694 0.021875 0.0597222
7 0.582031 0.694444 0.0671875 0.0611111
7 0.81875 0.710417 0.115625 0.0791667
7 0.527734 0.697222 0.0664062 0.0694444
7 0.384375 0.69375 0.0484375 0.0763889
0 0.171484 0.653472 0.0945313 0.140278
7 0.0726563 0.68125 0.0484375 0.0763889
7 0.0332031 0.68125 0.0664062 0.206944
7 0.963281 0.710417 0.0734375 0.0680556
7 0.670703 0.708333 0.153906 0.0888889
7 0.294141 0.727083 0.153906 0.204167
