1 0.359766 0.452083 0.00703125 0.0208333
7 0.385156 0.511111 0.015625 0.0194444
2 0.469922 0.435417 0.0101562 0.0180556
7 0.332812 0.517361 0.0140625 0.0180556
7 0.322266 0.521528 0.0117188 0.0208333
1 0.315625 0.454861 0.0078125 0.0180556
4 0.534375 0.560417 0.01875 0.0791667
1 0.363672 0.452083 0.00703125 0.0208333
7 0.314844 0.524306 0.0140625 0.0236111
7 0.302734 0.528472 0.0179687 0.0263889
7 0.348828 0.514583 0.0132813 0.0208333
7 0.396875 0.518056 0.028125 0.0222222
1 0.0292969 0.491667 0.0148437 0.0361111
1 0.00546875 0.492361 0.0109375 0.0375
7 0.366797 0.514583 0.0257812 0.0208333
2 0.55 0.351389 0.025 0.0194444
1 0.558984 0.435417 0.0195312 0.0347222
7 0.960938 0.765278 0.078125 0.422222
1 0.009375 0.0430556 0.01875 0.0833333
2 0.538281 0.374306 0.0328125 0.0291667
7 0.283203 0.5375 0.0273438 0.0305556
1 0.453906 0.218056 0.0171875 0.0694444
1 0.435547 0.216667 0.0179687 0.075
7 0.229297 0.560417 0.0273438 0.0680556
2 0.01875 0.31875 0.0375 0.0291667
1 0.0382813 0.0423611 0.0359375 0.0819444
7 0.434375 0.54375 0.0453125 0.0875
1 0.978906 0.185417 0.040625 0.115278
7 0.191406 0.571528 0.0625 0.0930556
7 0.473828 0.559028 0.0851562 0.118056
7 0.369922 0.6125 0.132031 0.183333
