7 0.447266 0.498611 0.0132813 0.0222222
7 0.507812 0.506944 0.0140625 0.0222222
7 0.503125 0.504861 0.015625 0.0208333
1 0.235156 0.379861 0.0140625 0.0597222
1 0.315234 0.443056 0.0117188 0.0222222
2 0.605859 0.472917 0.0273438 0.0513889
7 0.415234 0.507639 0.0148437 0.0347222
2 0.224609 0.469444 0.0242187 0.0305556
7 0.421484 0.505556 0.0132813 0.0305556
2 0.611328 0.484028 0.0148437 0.0291667
1 0.804688 0.422222 0.015625 0.0333333
1 0.693359 0.438889 0.0101562 0.0416667
2 0.112109 0.385417 0.0164062 0.0458333
7 0.399219 0.5125 0.0265625 0.0416667
1 0.2125 0.383333 0.0171875 0.0305556
7 0.0242187 0.627083 0.0484375 0.320833
1 0.626953 0.436111 0.0101562 0.0444444
1 0.781641 0.411806 0.0164062 0.0597222
7 0.439453 0.511111 0.0210938 0.0305556
1 0.473828 0.348611 0.0132813 0.0472222
1 0.403906 0.350694 0.0140625 0.0486111
7 0.383984 0.522917 0.0351562 0.0430556
7 0.551172 0.524306 0.0367187 0.0513889
7 0.764844 0.553472 0.115625 0.0625
7 0.473047 0.545833 0.0664062 0.1
7 0.107031 0.576389 0.214062 0.225
