2 0.0152344 0.414583 0.0148437 0.0430556
2 0.453516 0.463889 0.00703125 0.0166667
1 0.346875 0.352778 0.0078125 0.0277778
1 0.353125 0.353472 0.0078125 0.0263889
1 0.211719 0.432639 0.0125 0.0180556
5 0.396484 0.473611 0.0117188 0.0277778
7 0.4375 0.481944 0.009375 0.0166667
1 0.34375 0.352778 0.00625 0.025
1 0.425 0.309722 0.0078125 0.0333333
7 0.406641 0.485417 0.0101562 0.0152778
2 0.212109 0.3875 0.0179687 0.0111111
2 0.468359 0.447917 0.0101562 0.0208333
1 0.550391 0.390972 0.0132813 0.0208333
7 0.389062 0.485417 0.0109375 0.0152778
1 0.417188 0.310417 0.0078125 0.0319444
2 0.303516 0.442361 0.0132813 0.0236111
2 0.224219 0.357639 0.01875 0.0291667
7 0.447656 0.483333 0.015625 0.0222222
2 0.0640625 0.299306 0.0265625 0.0319444
2 0.541016 0.354167 0.0226563 0.0444444
7 0.371484 0.484028 0.0179687 0.0263889
7 0.347266 0.486111 0.0210938 0.0305556
2 0.0632813 0.349306 0.0421875 0.0708333
7 0.838672 0.447222 0.163281 0.0638889
7 0.604688 0.505556 0.157813 0.219444
