2 0.204688 0.538194 0.009375 0.0375
7 0.541016 0.593056 0.0226563 0.0444444
1 0.56875 0.434722 0.009375 0.0388889
1 0.18125 0.581944 0.0171875 0.0222222
3 0.0800781 0.653472 0.0164062 0.0680556
1 0.00742187 0.288889 0.0132813 0.0833333
0 0.283203 0.603472 0.0523437 0.123611
1 0.558594 0.435417 0.0109375 0.0375
3 0.163281 0.65625 0.0140625 0.0652778
1 0.682031 0.425694 0.0125 0.0458333
3 0.173047 0.645139 0.0148437 0.0652778
1 0.025 0.2875 0.021875 0.0833333
3 0.794141 0.6 0.0210938 0.0722222
2 0.596094 0.470139 0.015625 0.0402778
2 0.610937 0.429167 0.0453125 0.0222222
7 0.728906 0.616667 0.08125 0.122222
7 0.414062 0.660417 0.3125 0.373611
7 0.857422 0.676389 0.285156 0.35
7 0.623828 0.640278 0.161719 0.227778
