7 0.226562 0.406944 0.0125 0.0166667
7 0.505469 0.463889 0.015625 0.0277778
2 0.305469 0.405556 0.015625 0.0305556
7 0.804297 0.506944 0.158594 0.152778
7 0.973437 0.672222 0.053125 0.377778
7 0.197266 0.429167 0.0148437 0.0277778
7 0.196094 0.403472 0.0140625 0.0236111
7 0.213672 0.432639 0.0242187 0.0319444
7 0.239063 0.435417 0.0296875 0.0319444
7 0.419922 0.447222 0.0476562 0.0472222
2 0.976953 0.169444 0.0460938 0.169444
7 0.273438 0.436806 0.04375 0.0402778
7 0.451172 0.476389 0.0789063 0.0722222
7 0.767969 0.473611 0.185937 0.158333
7 0.553516 0.5 0.113281 0.116667
