7 0.43125 0.51875 0.0515625 0.0847222
7 0.398828 0.518056 0.0164062 0.0388889
7 0.388672 0.518056 0.0195312 0.0416667
5 0.430859 0.51875 0.0523437 0.0847222
5 0.119141 0.563889 0.238281 0.322222
7 0.466406 0.508333 0.0125 0.0222222
7 0.366016 0.519444 0.0351562 0.0777778
7 0.339844 0.525694 0.0515625 0.0986111
7 0.520312 0.518056 0.0546875 0.0833333
7 0.947656 0.78125 0.104687 0.434722
3 0.674219 0.545833 0.028125 0.113889
7 0.48125 0.513889 0.021875 0.0333333
7 0.287891 0.529167 0.0773437 0.116667
7 0.251563 0.551389 0.0875 0.138889
7 0.546484 0.544444 0.0664062 0.0888889
