2 0.477344 0.53125 0.0125 0.0208333
2 0.665625 0.500694 0.0234375 0.0208333
0 0.405078 0.551389 0.0507812 0.111111
2 0.322266 0.523611 0.0101562 0.025
7 0.375781 0.551389 0.0140625 0.0416667
1 0.367969 0.50625 0.009375 0.0208333
3 0.8125 0.602778 0.0296875 0.15
7 0.316016 0.566667 0.0148437 0.0194444
2 0.438672 0.529861 0.0117188 0.0236111
2 0.340625 0.525694 0.028125 0.0319444
7 0.403516 0.552083 0.0476562 0.109722
2 0.460547 0.527083 0.0132813 0.0208333
2 0.61875 0.511111 0.0234375 0.0361111
7 0.451562 0.572917 0.028125 0.0541667
2 0.562109 0.507639 0.0210938 0.0319444
7 0.53125 0.582639 0.03125 0.0763889
7 0.341016 0.565278 0.0273438 0.0388889
2 0.358203 0.41875 0.0882813 0.0458333
2 0.455859 0.428472 0.0726563 0.0486111
2 0.937891 0.429167 0.0695312 0.116667
7 0.492578 0.577778 0.0585938 0.0722222
7 0.592578 0.592361 0.116406 0.109722
7 0.418359 0.594444 0.0632813 0.0833333
7 0.717188 0.619444 0.148438 0.144444
