1 0.334766 0.417361 0.00703125 0.0208333
7 0.0613281 0.452778 0.0492188 0.0333333
2 0.397266 0.434028 0.0101562 0.0180556
7 0.263281 0.451389 0.034375 0.0277778
2 0.689062 0.316667 0.015625 0.0222222
2 0.815234 0.18125 0.0164062 0.0291667
2 0.523047 0.405556 0.0101562 0.0222222
2 0.825391 0.325694 0.0210938 0.0291667
7 0.214062 0.454167 0.0390625 0.0472222
1 0.155078 0.313889 0.0148437 0.0416667
1 0.848047 0.320139 0.0242187 0.0402778
7 0.503125 0.459722 0.0171875 0.0305556
1 0.198437 0.158333 0.015625 0.0638889
2 0.194922 0.239583 0.0289063 0.0208333
2 0.994141 0.248611 0.0117188 0.0972222
2 0.844141 0.185417 0.0289063 0.0236111
1 0.182812 0.311806 0.0234375 0.0402778
2 0.634375 0.35625 0.0171875 0.0402778
1 0.183594 0.151389 0.0171875 0.0777778
7 0.517578 0.463889 0.0242187 0.0361111
2 0.826172 0.120139 0.0445312 0.0513889
2 0.0269531 0.0479167 0.0539063 0.0513889
7 0.171484 0.458333 0.0679687 0.0722222
7 0.11875 0.453472 0.0578125 0.0708333
2 0.76875 0.0361111 0.101562 0.0472222
7 0.467578 0.471528 0.0492188 0.0708333
7 0.758203 0.513889 0.288281 0.311111
