7 0.433984 0.597222 0.0117188 0.0222222
7 0.440234 0.595833 0.0132813 0.0222222
3 0.509375 0.608333 0.0109375 0.0638889
2 0.525781 0.534722 0.0125 0.0138889
7 0.429688 0.597222 0.0125 0.025
7 0.444922 0.594444 0.00859375 0.0194444
7 0.476953 0.606944 0.0117188 0.0361111
7 0.544141 0.592361 0.0210938 0.0263889
7 0.383984 0.609722 0.0195312 0.0416667
7 0.369922 0.609028 0.0210938 0.0597222
2 0.524219 0.513194 0.01875 0.0319444
7 0.416797 0.600694 0.0210938 0.0263889
2 0.609375 0.413889 0.0203125 0.0333333
0 0.10625 0.632639 0.2125 0.331944
7 0.390234 0.603472 0.0273438 0.0430556
7 0.459766 0.599306 0.0273438 0.0486111
7 0.492969 0.609722 0.0328125 0.05
7 0.154687 0.715972 0.303125 0.329167
7 0.323828 0.647917 0.0914062 0.156944
