7 0.214844 0.602083 0.0171875 0.0180556
3 0.324219 0.622917 0.0171875 0.0791667
7 0.801953 0.565278 0.0242187 0.0222222
7 0.203516 0.602778 0.0132813 0.0194444
7 0.727734 0.597917 0.0195312 0.0430556
7 0.151562 0.6125 0.015625 0.0277778
1 0.44375 0.533333 0.015625 0.025
7 0.192969 0.603472 0.0125 0.0208333
7 0.241016 0.597222 0.0117188 0.0166667
7 0.209375 0.602083 0.0109375 0.0180556
7 0.278516 0.604861 0.0132813 0.0375
7 0.221875 0.600694 0.015625 0.0180556
7 0.283984 0.609028 0.0164062 0.0458333
1 0.290625 0.317361 0.0125 0.0625
2 0.623828 0.364583 0.0210938 0.0291667
1 0.455078 0.49375 0.0101562 0.0402778
2 0.628125 0.39375 0.021875 0.0208333
7 0.134375 0.615278 0.0234375 0.0361111
7 0.254687 0.599306 0.015625 0.0236111
1 0.258984 0.308333 0.0179687 0.0638889
1 0.628906 0.459028 0.0234375 0.0430556
1 0.278125 0.307639 0.0171875 0.0680556
1 0.602734 0.463194 0.0242187 0.0402778
2 0.639063 0.113889 0.034375 0.0416667
7 0.303906 0.622222 0.046875 0.0722222
7 0.583203 0.608333 0.0882813 0.0722222
3 0.422656 0.6125 0.015625 0.0722222
2 0.6875 0.113889 0.05625 0.0944444
7 0.173047 0.6125 0.0351562 0.0444444
2 0.380078 0.281944 0.0757812 0.0416667
2 0.659766 0.0388889 0.0570313 0.0777778
3 0.484375 0.636806 0.0390625 0.215278
7 0.675 0.595139 0.1 0.0791667
7 0.771094 0.595833 0.0875 0.0666667
7 0.0839844 0.623611 0.0820312 0.102778
