7 0.260156 0.40625 0.0171875 0.0208333
2 0.333594 0.351389 0.01875 0.0111111
7 0.350391 0.418056 0.0132813 0.0138889
5 0.416016 0.41875 0.0164062 0.0319444
7 0.41875 0.420833 0.0125 0.0305556
7 0.278906 0.398611 0.0234375 0.0194444
7 0.551172 0.389583 0.0242187 0.0152778
7 0.335938 0.4125 0.0171875 0.0222222
5 0.900781 0.301389 0.198437 0.147222
5 0.227734 0.379167 0.0476562 0.0444444
7 0.263281 0.414583 0.01875 0.0291667
7 0.741406 0.360417 0.053125 0.0319444
7 0.323828 0.413889 0.0164062 0.0222222
7 0.308594 0.414583 0.0203125 0.0236111
7 0.438281 0.4125 0.03125 0.0666667
2 0.308594 0.36875 0.0125 0.0208333
2 0.149609 0.341667 0.0132813 0.0305556
7 0.284375 0.413889 0.03125 0.0277778
7 0.460547 0.421528 0.0195312 0.0375
7 0.228516 0.415278 0.0539063 0.0444444
2 0.345703 0.370833 0.0460938 0.0416667
7 0.389844 0.423611 0.03125 0.0444444
5 0.642969 0.340972 0.0875 0.0902778
7 0.129297 0.41875 0.0429688 0.0486111
2 0.617188 0.271528 0.0390625 0.0402778
2 0.568359 0.270833 0.0523437 0.0444444
7 0.489844 0.426389 0.034375 0.05
7 0.179688 0.414583 0.059375 0.0652778
2 0.861719 0.111806 0.046875 0.101389
7 0.0609375 0.419444 0.121875 0.102778
7 0.739844 0.453472 0.167187 0.168056
