3 0.734375 0.499306 0.0109375 0.0291667
3 0.721094 0.503472 0.009375 0.0319444
3 0.739062 0.498611 0.0109375 0.0277778
1 0.519531 0.420139 0.0078125 0.0208333
3 0.746875 0.5 0.0109375 0.0305556
2 0.741016 0.4125 0.0210938 0.0305556
7 0.476562 0.509722 0.015625 0.0333333
3 0.710938 0.513889 0.0125 0.0555556
3 0.692187 0.507639 0.0109375 0.0402778
3 0.702344 0.516667 0.0109375 0.0527778
0 0.520703 0.461806 0.0507812 0.0430556
2 0.737891 0.381944 0.0148437 0.025
7 0.846484 0.491667 0.307031 0.561111
3 0.0183594 0.472222 0.0367187 0.275
7 0.489453 0.5125 0.0210938 0.0527778
7 0.630469 0.522222 0.040625 0.0972222
7 0.508984 0.5125 0.0351562 0.0805556
0 0.640234 0.490972 0.102344 0.1375
7 0.566797 0.529167 0.111719 0.163889
7 0.365234 0.547917 0.236719 0.326389
