7 0.284375 0.6 0.0125 0.0333333
7 0.238672 0.596528 0.0117188 0.0236111
7 0.288281 0.605556 0.0109375 0.0305556
7 0.195703 0.615278 0.0179687 0.0527778
7 0.228906 0.601389 0.015625 0.0333333
0 0.301562 0.5875 0.0203125 0.0888889
7 0.216797 0.60625 0.0179687 0.0402778
7 0.202344 0.608333 0.025 0.05
5 0.434766 0.634028 0.105469 0.143056
7 0.885156 0.734028 0.229687 0.531944
7 0.129688 0.634722 0.053125 0.111111
7 0.260156 0.608333 0.0453125 0.0694444
7 0.15 0.604167 0.0859375 0.130556
0 0.345313 0.579167 0.08125 0.147222
7 0.0570313 0.617361 0.114063 0.281944
