7 0.521484 0.508333 0.0101562 0.0222222
3 0.666016 0.515972 0.0132813 0.0569444
7 0.559766 0.50625 0.0132813 0.0569444
3 0.719531 0.506944 0.0125 0.05
2 0.664844 0.391667 0.0125 0.025
1 0.974609 0.3875 0.0148437 0.0444444
2 0.164062 0.401389 0.0171875 0.0611111
3 0.648438 0.518056 0.0125 0.0611111
7 0.442187 0.504861 0.0140625 0.0263889
3 0.696094 0.514583 0.0109375 0.0458333
2 0.627734 0.372222 0.0523437 0.0361111
7 0.428125 0.506944 0.0171875 0.0277778
7 0.532422 0.510417 0.0179687 0.0263889
7 0.396875 0.505556 0.03125 0.0472222
2 0.990234 0.338194 0.0195312 0.0291667
3 0.677734 0.517361 0.0117188 0.0541667
3 0.709375 0.528472 0.0171875 0.0708333
2 0.978906 0.123611 0.034375 0.075
3 0.833203 0.534722 0.0179687 0.0972222
3 0.770312 0.526389 0.0171875 0.0972222
1 0.636719 0.105556 0.01875 0.0833333
3 0.785547 0.526389 0.0195312 0.0833333
2 0.979297 0.285417 0.0414063 0.0375
7 0.485547 0.508333 0.0242187 0.0388889
7 0.345313 0.523611 0.0359375 0.0555556
5 0.597656 0.485417 0.0703125 0.126389
7 0.385156 0.514583 0.0359375 0.0458333
7 0.617578 0.534028 0.0539063 0.0625
7 0.294531 0.520833 0.0828125 0.1
7 0.220313 0.544444 0.110937 0.125
