2 0.0605469 0.528472 0.0367187 0.0208333
2 0.752344 0.579167 0.025 0.0194444
7 0.964063 0.883333 0.071875 0.230556
2 0.885938 0.517361 0.0203125 0.0486111
2 0.264453 0.634722 0.0210938 0.0194444
2 0.261719 0.674306 0.0234375 0.0541667
7 0.957812 0.714583 0.084375 0.140278
3 0.926562 0.797917 0.0953125 0.329167
7 0.646094 0.735417 0.03125 0.0597222
7 0.0710938 0.853472 0.142188 0.293056
2 0.0394531 0.547222 0.0335938 0.0388889
2 0.0363281 0.610417 0.0367187 0.0958333
5 0.519922 0.682639 0.233594 0.484722
7 0.672266 0.752778 0.0523437 0.0722222
7 0.110937 0.779861 0.173438 0.123611
