7 0.398828 0.388889 0.0132813 0.0277778
2 0.546484 0.363194 0.00703125 0.0180556
7 0.483203 0.397917 0.0117188 0.0180556
1 0.45625 0.349306 0.0078125 0.0180556
7 0.444141 0.394444 0.0101562 0.0166667
1 0.337109 0.334028 0.00703125 0.0180556
7 0.389062 0.390972 0.0078125 0.0152778
1 0.342969 0.334722 0.00625 0.0194444
7 0.351953 0.4 0.0117188 0.0222222
3 0.266406 0.413194 0.009375 0.0347222
7 0.455078 0.395833 0.0117188 0.0166667
7 0.272266 0.397917 0.0367187 0.0263889
7 0.308984 0.395139 0.0164062 0.0236111
2 0.315234 0.332639 0.0226563 0.0152778
7 0.429688 0.390278 0.0203125 0.0222222
1 0.766406 0.330556 0.025 0.0333333
2 0.756641 0.254861 0.0210938 0.0208333
7 0.232031 0.414583 0.0265625 0.0291667
7 0.414062 0.394444 0.0109375 0.0166667
7 0.380859 0.395833 0.0117188 0.0194444
2 0.685938 0.329861 0.0125 0.0208333
7 0.469922 0.401389 0.0164062 0.0222222
7 0.341797 0.402083 0.0195312 0.0236111
2 0.735547 0.239583 0.0148437 0.0180556
1 0.614844 0.0756944 0.0140625 0.0736111
1 0.598828 0.0708333 0.0195312 0.0833333
7 0.521094 0.409028 0.0375 0.0291667
1 0.577734 0.0736111 0.0195312 0.0777778
2 0.575781 0.357639 0.015625 0.0347222
7 0.542578 0.427083 0.0257812 0.0569444
7 0.561328 0.432639 0.0382813 0.0625
2 0.677734 0.133333 0.0773437 0.0333333
7 0.197266 0.427778 0.0460938 0.0611111
7 0.427344 0.425694 0.040625 0.0541667
7 0.593359 0.440972 0.0570313 0.0736111
7 0.145313 0.434028 0.0796875 0.0763889
7 0.6375 0.463194 0.0875 0.0875
7 0.0457031 0.452083 0.0914062 0.104167
