1 0.452734 0.458333 0.00703125 0.0138889
1 0.467187 0.425694 0.00625 0.0180556
7 0.365234 0.457639 0.0945313 0.0486111
1 0.461719 0.426389 0.00625 0.0194444
7 0.492969 0.508333 0.0265625 0.0416667
7 0.527734 0.527778 0.0210938 0.0527778
7 0.502734 0.521528 0.0210938 0.0402778
2 0.654297 0.404861 0.0148437 0.0208333
5 0.416016 0.444444 0.0429688 0.0444444
7 0.837891 0.653472 0.324219 0.693056
7 0.518359 0.523611 0.0273438 0.05
7 0.544531 0.527083 0.034375 0.0819444
7 0.568359 0.532639 0.0507812 0.0958333
7 0.605469 0.542361 0.0703125 0.115278
7 0.671484 0.557639 0.135156 0.165278
7 0.390625 0.629861 0.239063 0.3375
