7 0.503125 0.509722 0.009375 0.0138889
7 0.526953 0.521528 0.0148437 0.0236111
7 0.521484 0.516667 0.0132813 0.0194444
7 0.490234 0.507639 0.00859375 0.0152778
7 0.482812 0.510417 0.009375 0.0180556
1 0.351562 0.332639 0.009375 0.0458333
7 0.479688 0.511806 0.0109375 0.0208333
7 0.532422 0.527778 0.0179687 0.025
1 0.511719 0.482639 0.00625 0.0125
7 0.471094 0.520833 0.0125 0.0277778
2 0.204688 0.436806 0.0140625 0.0319444
1 0.362109 0.334722 0.0117188 0.0444444
2 0.282422 0.395833 0.0164062 0.0138889
7 0.460156 0.525 0.01875 0.0444444
7 0.544531 0.538889 0.025 0.0277778
1 0.280078 0.459028 0.0117188 0.0236111
2 0.599609 0.476389 0.0101562 0.0222222
1 0.0636719 0.38125 0.0195312 0.0347222
1 0.611719 0.295139 0.0125 0.0541667
1 0.624609 0.295139 0.0132813 0.0569444
1 0.637109 0.294444 0.0117188 0.0555556
7 0.820703 0.623611 0.353906 0.433333
7 0.078125 0.629861 0.154687 0.376389
7 0.432813 0.5375 0.0421875 0.0583333
2 0.400391 0.467361 0.0117188 0.0458333
7 0.225781 0.592361 0.176563 0.206944
