7 0.332422 0.498611 0.0148437 0.0277778
1 0.450781 0.4625 0.0046875 0.0111111
3 0.0597656 0.488194 0.0164062 0.0763889
3 0.571875 0.528472 0.0109375 0.0597222
3 0.598437 0.527083 0.0109375 0.0569444
1 0.21875 0.258333 0.0125 0.0416667
3 0.590234 0.524306 0.0117188 0.0569444
1 0.459766 0.275694 0.0117188 0.0375
7 0.345703 0.500694 0.0164062 0.0263889
7 0.395703 0.5 0.0148437 0.0222222
7 0.411328 0.5 0.0132813 0.0194444
7 0.320703 0.5 0.0179687 0.0333333
1 0.649609 0.338194 0.0132813 0.0291667
3 0.736719 0.549306 0.0140625 0.0958333
1 0.645312 0.4375 0.0109375 0.0277778
3 0.542578 0.520139 0.0101562 0.0458333
7 0.286719 0.504167 0.025 0.0444444
7 0.444141 0.502083 0.0132813 0.0180556
7 0.428516 0.5 0.0164062 0.0222222
7 0.26875 0.508333 0.034375 0.0472222
3 0.727344 0.541667 0.01875 0.102778
3 0.653906 0.523611 0.0140625 0.05
3 0.830859 0.561111 0.0289063 0.122222
3 0.553906 0.530556 0.0140625 0.0694444
7 0.307422 0.502778 0.0226563 0.0333333
3 0.697656 0.54375 0.0203125 0.0958333
3 0.771875 0.559722 0.034375 0.136111
7 0.366406 0.50625 0.0328125 0.0430556
7 0.153516 0.536111 0.180469 0.188889
