7 0.509766 0.438194 0.0164062 0.0125
2 0.025 0.275694 0.0265625 0.0569444
1 0.284766 0.419444 0.00859375 0.0138889
1 0.503125 0.35 0.0078125 0.0277778
2 0.220703 0.371528 0.0195312 0.0125
1 0.496875 0.352083 0.0078125 0.0319444
1 0.317187 0.338194 0.00625 0.0263889
7 0.444531 0.443056 0.015625 0.0194444
1 0.411719 0.396528 0.00625 0.0152778
2 0.426953 0.404861 0.0164062 0.00972222
1 0.324219 0.3375 0.0078125 0.0277778
2 0.292578 0.394444 0.0132813 0.0111111
1 0.473828 0.396528 0.00703125 0.0152778
2 0.446484 0.422917 0.00703125 0.0125
2 0.569531 0.405556 0.0109375 0.0111111
1 0.208984 0.407639 0.0148437 0.0180556
7 0.572656 0.476389 0.0265625 0.0666667
3 0.182422 0.460417 0.0148437 0.0625
2 0.580078 0.375694 0.0164062 0.0152778
7 0.864844 0.463889 0.270312 0.633333
7 0.552344 0.468056 0.0390625 0.0611111
7 0.344922 0.455556 0.0304688 0.0361111
7 0.461719 0.460417 0.028125 0.0402778
7 0.503125 0.490278 0.071875 0.1
7 0.247266 0.470139 0.0601562 0.0680556
7 0.682813 0.502083 0.120312 0.143056
7 0.627734 0.464583 0.107031 0.134722
