2 0.362891 0.430556 0.00859375 0.0138889
7 0.427344 0.472222 0.01875 0.025
2 0.510156 0.381944 0.009375 0.0138889
7 0.409766 0.475 0.0179687 0.0222222
7 0.383594 0.459028 0.009375 0.0180556
2 0.505078 0.3625 0.0101562 0.0166667
1 0.753125 0.186111 0.0171875 0.0472222
2 0.468359 0.429167 0.0101562 0.0194444
7 0.451172 0.471528 0.0320312 0.0541667
2 0.708203 0.0861111 0.0273438 0.0472222
2 0.769141 0.0916667 0.0367187 0.0361111
7 0.372656 0.465972 0.0171875 0.0263889
7 0.467187 0.476389 0.04375 0.0555556
2 0.714063 0.186806 0.0484375 0.0458333
2 0.503516 0.411806 0.0210938 0.0319444
7 0.278125 0.496528 0.0375 0.0652778
7 0.316406 0.483333 0.04375 0.0611111
7 0.240625 0.50625 0.0671875 0.0847222
7 0.150391 0.527778 0.142969 0.130556
