1 0.543359 0.466667 0.00546875 0.0138889
1 0.339844 0.449306 0.0109375 0.0152778
1 0.5125 0.461111 0.00625 0.0138889
7 0.478125 0.515278 0.0140625 0.0166667
7 0.484766 0.513889 0.0101562 0.0166667
1 0.59375 0.419444 0.0078125 0.025
1 0.407813 0.480556 0.0078125 0.0138889
7 0.497266 0.507639 0.0117188 0.0180556
1 0.457422 0.366667 0.00859375 0.0388889
1 0.65625 0.480556 0.0078125 0.0138889
7 0.571484 0.509028 0.0164062 0.0208333
1 0.411328 0.424306 0.00703125 0.0236111
1 0.464453 0.367361 0.00703125 0.0347222
1 0.448828 0.367361 0.00703125 0.0347222
2 0.641797 0.375694 0.00703125 0.0263889
7 0.526563 0.502083 0.0125 0.0180556
1 0.761328 0.436111 0.0195312 0.0222222
5 0.865234 0.484028 0.155469 0.1125
7 0.557813 0.501389 0.0125 0.0166667
2 0.656641 0.393056 0.0242187 0.025
2 0.270312 0.407639 0.0171875 0.0597222
2 0.621875 0.425 0.015625 0.0194444
3 0.882422 0.527778 0.0304688 0.108333
7 0.0574219 0.564583 0.114844 0.3125
