7 0.676562 0.533333 0.0234375 0.0416667
1 0.575391 0.295139 0.0117188 0.0541667
7 0.661328 0.527778 0.0195312 0.0388889
1 0.5625 0.302778 0.0140625 0.05
1 0.0445312 0.296528 0.05 0.0652778
1 0.576953 0.457639 0.00703125 0.0180556
1 0.631641 0.459028 0.00703125 0.0180556
7 0.614844 0.51875 0.0125 0.0152778
1 0.804688 0.455556 0.0109375 0.0222222
1 0.393359 0.456944 0.0132813 0.025
7 0.600781 0.524306 0.0171875 0.0236111
1 0.00976562 0.349306 0.0195312 0.0736111
1 0.827734 0.454861 0.0164062 0.0263889
1 0.0472656 0.360417 0.0257812 0.0569444
3 0.33125 0.558333 0.0296875 0.116667
1 0.832422 0.173611 0.0179687 0.0722222
1 0.812109 0.174306 0.0226563 0.0847222
1 0.792188 0.179167 0.01875 0.075
7 0.707031 0.540972 0.05625 0.0708333
7 0.571094 0.540972 0.040625 0.0541667
2 0.635156 0.428472 0.04375 0.0263889
2 0.0449219 0.295833 0.0554687 0.0638889
7 0.883203 0.750694 0.233594 0.443056
7 0.516016 0.58125 0.0976562 0.143056
