7 0.466406 0.503472 0.015625 0.0152778
2 0.764844 0.455556 0.034375 0.0472222
2 0.560547 0.486806 0.00859375 0.0152778
7 0.617188 0.504861 0.021875 0.0291667
1 0.244531 0.429167 0.009375 0.0166667
2 0.508203 0.430556 0.00859375 0.0166667
1 0.586328 0.432639 0.00703125 0.0152778
2 0.389062 0.4875 0.0078125 0.0194444
7 0.377344 0.501389 0.009375 0.0194444
1 0.629687 0.433333 0.0078125 0.0194444
2 0.628906 0.447917 0.025 0.0152778
7 0.216406 0.502778 0.0171875 0.0194444
2 0.6 0.486111 0.0078125 0.0166667
2 0.521094 0.430556 0.009375 0.0166667
1 0.289453 0.428472 0.00859375 0.0208333
1 0.367188 0.429167 0.009375 0.0194444
7 0.502734 0.502083 0.0148437 0.0208333
2 0.279297 0.427778 0.0101562 0.0166667
2 0.300781 0.428472 0.009375 0.0152778
2 0.341016 0.481944 0.00859375 0.0194444
2 0.482812 0.429861 0.009375 0.0180556
2 0.401172 0.447222 0.0289063 0.0166667
7 0.444531 0.509028 0.0140625 0.0180556
2 0.316797 0.429167 0.0101562 0.0166667
2 0.467969 0.430556 0.009375 0.0166667
2 0.332031 0.427778 0.009375 0.0166667
7 0.365234 0.506944 0.0226563 0.0333333
7 0.421484 0.513194 0.0320312 0.0486111
2 0.858203 0.472222 0.0210938 0.0388889
7 0.848437 0.53125 0.0828125 0.0625
