7 0.438672 0.559028 0.0117188 0.0236111
7 0.460938 0.563889 0.009375 0.025
1 0.38125 0.5125 0.0078125 0.0166667
1 0.408594 0.524306 0.00625 0.0152778
1 0.442578 0.507639 0.00703125 0.0180556
2 0.455469 0.510417 0.01875 0.00972222
2 0.752734 0.384028 0.0210938 0.0291667
7 0.09375 0.565972 0.0796875 0.0402778
7 0.449219 0.561806 0.015625 0.0236111
7 0.415234 0.563194 0.0179687 0.0236111
7 0.473047 0.565972 0.0242187 0.0375
2 0.566406 0.502778 0.0171875 0.0361111
7 0.873047 0.688194 0.253906 0.331944
