7 0.432813 0.447917 0.0140625 0.0208333
7 0.439453 0.447917 0.0132813 0.0180556
7 0.391406 0.454167 0.0203125 0.0388889
7 0.377734 0.457639 0.0210938 0.0430556
7 0.538281 0.442361 0.0125 0.0263889
2 0.449609 0.435417 0.00703125 0.0152778
7 0.401563 0.451389 0.0171875 0.0361111
7 0.411328 0.45 0.0164062 0.0333333
7 0.558203 0.449306 0.0164062 0.0402778
7 0.421875 0.447222 0.0140625 0.0277778
7 0.547266 0.445833 0.0132813 0.0305556
7 0.566406 0.451389 0.01875 0.0444444
7 0.585547 0.453472 0.0335938 0.0430556
2 0.775391 0.289583 0.0117188 0.0236111
2 0.803516 0.266667 0.0367187 0.0222222
7 0.309375 0.474306 0.0421875 0.0680556
7 0.2625 0.480556 0.071875 0.0888889
7 0.0753906 0.530556 0.149219 0.147222
7 0.350391 0.461806 0.0429688 0.0569444
7 0.189063 0.504167 0.10625 0.108333
