7 0.453125 0.56875 0.0140625 0.0236111
7 0.462109 0.573611 0.0148437 0.0333333
7 0.382422 0.570139 0.0132813 0.0319444
7 0.472266 0.575 0.0179687 0.0444444
7 0.266016 0.575694 0.0398437 0.0486111
7 0.344531 0.579861 0.0390625 0.0486111
7 0.365625 0.56875 0.0265625 0.0430556
7 0.404297 0.567361 0.0273438 0.0319444
7 0.433203 0.572222 0.0242187 0.0361111
3 0.185547 0.576389 0.0257812 0.1
7 0.501172 0.581944 0.0445312 0.0638889
2 0.519922 0.115972 0.0460938 0.0819444
2 0.649609 0.425694 0.0257812 0.0486111
7 0.302344 0.582639 0.053125 0.0680556
2 0.272266 0.2375 0.0351562 0.0583333
