2 0.322656 0.440972 0.009375 0.00972222
2 0.398438 0.461111 0.00625 0.0111111
1 0.384375 0.418056 0.0078125 0.0166667
2 0.267969 0.426389 0.0125 0.0111111
1 0.824219 0.415278 0.0109375 0.025
2 0.35 0.457639 0.009375 0.0180556
1 0.0421875 0.432639 0.009375 0.0236111
2 0.614453 0.416667 0.0132813 0.0111111
1 0.523828 0.4125 0.00703125 0.0194444
1 0.34375 0.472222 0.0078125 0.0138889
2 0.566016 0.423611 0.0101562 0.00833333
1 0.580469 0.420139 0.009375 0.0208333
2 0.349609 0.438889 0.0101562 0.00833333
2 0.448828 0.467361 0.00703125 0.0125
1 0.583984 0.464583 0.00859375 0.0180556
2 0.394922 0.491667 0.0101562 0.0166667
7 0.427734 0.498611 0.0179687 0.0222222
2 0.560547 0.436806 0.0101562 0.00972222
2 0.834766 0.34375 0.0351562 0.0236111
1 0.586719 0.190278 0.01875 0.075
2 0.607813 0.429861 0.015625 0.0125
1 0.855078 0.411806 0.0179687 0.0291667
1 0.0226563 0.432639 0.015625 0.0263889
2 0.394922 0.473611 0.0101562 0.0166667
3 0.663672 0.5125 0.0117188 0.0472222
2 0.432422 0.440972 0.0117188 0.0236111
7 0.408203 0.497222 0.0210938 0.025
1 0.605469 0.191667 0.0171875 0.0722222
2 0.83125 0.381944 0.0265625 0.0472222
2 0.670703 0.19375 0.0304688 0.0597222
2 0.635938 0.420833 0.03125 0.0416667
2 0.394141 0.385417 0.0210938 0.0458333
7 0.237109 0.528472 0.0851562 0.0986111
