1 0.434375 0.432639 0.0078125 0.0263889
2 0.632812 0.411806 0.0109375 0.0236111
2 0.636719 0.438889 0.0109375 0.025
1 0.39375 0.479167 0.009375 0.0194444
1 0.576563 0.494444 0.0078125 0.0138889
7 0.475781 0.507639 0.0125 0.0180556
2 0.576563 0.476389 0.0109375 0.00833333
1 0.523047 0.447917 0.00859375 0.0236111
1 0.439453 0.433333 0.00703125 0.0277778
2 0.589453 0.486806 0.0101562 0.0180556
7 0.432031 0.515278 0.021875 0.0277778
2 0.559375 0.490278 0.0078125 0.0194444
7 0.364062 0.521528 0.0375 0.0430556
7 0.26875 0.522222 0.0703125 0.0722222
7 0.183203 0.514583 0.105469 0.120833
7 0.585156 0.552778 0.059375 0.0861111
7 0.513672 0.534722 0.0585938 0.0944444
7 0.0667969 0.520139 0.133594 0.148611
