7 0.485938 0.361111 0.021875 0.025
2 0.614062 0.322222 0.0078125 0.0166667
7 0.503516 0.359722 0.0179687 0.0194444
2 0.3125 0.0166667 0.0390625 0.0305556
7 0.639453 0.351389 0.0164062 0.025
7 0.620313 0.354167 0.0171875 0.0277778
7 0.425781 0.370833 0.065625 0.0472222
7 0.569922 0.353472 0.0179687 0.0180556
7 0.541797 0.354861 0.0226563 0.0236111
7 0.191797 0.420139 0.111719 0.0819444
2 0.739453 0.232639 0.0148437 0.0291667
7 0.302734 0.388889 0.0492188 0.05
7 0.600391 0.358333 0.0304688 0.0472222
2 0.314844 0.0805556 0.0484375 0.1
7 0.668359 0.366667 0.0507812 0.0666667
2 0.317969 0.164583 0.05 0.0680556
7 0.825391 0.402778 0.297656 0.380556
