1 0.274219 0.666667 0.00625 0.0138889
7 0.269531 0.6875 0.0109375 0.0166667
7 0.279687 0.6875 0.0125 0.0166667
1 0.03125 0.429167 0.0140625 0.0583333
2 0.358984 0.619444 0.0148437 0.0305556
1 0.225391 0.627083 0.00859375 0.0208333
1 0.0105469 0.436111 0.0195312 0.0527778
7 0.301172 0.695139 0.0226563 0.0347222
1 0.277344 0.629167 0.0078125 0.0194444
1 0.591406 0.627083 0.015625 0.0319444
2 0.359766 0.597917 0.0148437 0.0513889
2 0.626953 0.556944 0.0210938 0.0166667
1 0.598047 0.201389 0.0242187 0.0972222
4 0.796094 0.803472 0.0703125 0.129167
2 0.330469 0.63125 0.0109375 0.0236111
2 0.419141 0.655556 0.0132813 0.0333333
2 0.403906 0.711111 0.01875 0.0277778
7 0.180859 0.694444 0.0398437 0.0472222
7 0.216797 0.70625 0.0507812 0.0736111
2 0.369922 0.711806 0.0195312 0.0347222
1 0.619922 0.198611 0.0210938 0.0888889
8 0.801953 0.757639 0.0476562 0.148611
1 0.565625 0.194444 0.03125 0.105556
7 0.138281 0.694444 0.0375 0.0444444
3 0.448047 0.727083 0.0289063 0.123611
