7 0.169922 0.336111 0.0304688 0.0416667
2 0.652344 0.224306 0.0078125 0.0180556
2 0.539453 0.277083 0.00546875 0.0125
7 0.490234 0.308333 0.0132813 0.0222222
7 0.205859 0.336806 0.0429688 0.0430556
2 0.583984 0.24375 0.0148437 0.0263889
7 0.324609 0.308333 0.0382813 0.0333333
7 0.00390625 0.340972 0.0078125 0.0208333
7 0.555078 0.318056 0.0179687 0.0388889
7 0.543359 0.3125 0.0117188 0.025
7 0.149609 0.332639 0.0335938 0.0430556
7 0.394922 0.31875 0.0164062 0.0347222
7 0.121875 0.331944 0.0171875 0.0305556
7 0.53125 0.305556 0.0140625 0.0194444
7 0.471875 0.3125 0.0265625 0.0333333
7 0.594922 0.33125 0.0429688 0.0736111
7 0.383594 0.315278 0.021875 0.0305556
7 0.355859 0.316667 0.0289063 0.0305556
7 0.579687 0.31875 0.04375 0.0625
7 0.245312 0.331944 0.05 0.0555556
7 0.623828 0.354861 0.0476562 0.0958333
7 0.457812 0.315972 0.0359375 0.0375
7 0.428125 0.322917 0.065625 0.0458333
7 0.673047 0.359028 0.0914062 0.156944
7 0.301953 0.334722 0.102344 0.0666667
7 0.0640625 0.355556 0.115625 0.191667
7 0.7625 0.385417 0.179688 0.215278
7 0.880859 0.473611 0.238281 0.336111
