7 0.580078 0.475 0.0117188 0.0194444
2 0.595703 0.448611 0.00703125 0.0111111
7 0.645703 0.48125 0.0335938 0.0375
7 0.569531 0.470833 0.0109375 0.0166667
2 0.287891 0.436806 0.0117188 0.00972222
7 0.489453 0.470139 0.0132813 0.0180556
2 0.110547 0.420833 0.0195312 0.0388889
7 0.512891 0.452083 0.0101562 0.0152778
1 0.494141 0.424306 0.00703125 0.0152778
2 0.538281 0.410417 0.00625 0.0125
7 0.428516 0.479167 0.0210938 0.0277778
1 0.580078 0.432639 0.00703125 0.0152778
7 0.460547 0.470833 0.0148437 0.0194444
2 0.992969 0.345139 0.0140625 0.0263889
2 0.419922 0.427083 0.0164062 0.00972222
7 0.477344 0.477083 0.0140625 0.0208333
7 0.623828 0.486806 0.0195312 0.0319444
7 0.360938 0.486111 0.015625 0.0277778
7 0.344531 0.484028 0.0234375 0.0402778
7 0.402734 0.483333 0.0351562 0.0444444
7 0.285937 0.499306 0.03125 0.0541667
7 0.557031 0.482639 0.021875 0.0319444
2 0.633984 0.425 0.0101562 0.0194444
7 0.315625 0.50625 0.059375 0.0736111
7 0.597266 0.488889 0.0351562 0.05
7 0.523047 0.505556 0.0570313 0.0777778
7 0.096875 0.544444 0.19375 0.180556
7 0.680078 0.541667 0.113281 0.147222
