2 0.222656 0.129167 0.0125 0.0194444
7 0.434375 0.363889 0.0203125 0.0416667
3 0.733984 0.403472 0.0195312 0.115278
1 0.463672 0.302083 0.00859375 0.0208333
1 0.842969 0.215972 0.01875 0.0541667
2 0.191406 0.144444 0.0328125 0.0194444
1 0.192578 0.251389 0.0242187 0.0388889
2 0.839453 0.272917 0.0476562 0.0291667
2 0.212891 0.186111 0.0398437 0.025
7 0.407813 0.366667 0.0421875 0.0583333
7 0.619922 0.391667 0.0664062 0.0777778
2 0.214453 0.217361 0.0304688 0.0375
7 0.340625 0.39375 0.084375 0.0930556
7 0.521875 0.396528 0.128125 0.204167
