1 0.755078 0.481944 0.0101562 0.0194444
1 0.628516 0.372222 0.00859375 0.0333333
1 0.447266 0.438889 0.00546875 0.0138889
2 0.472266 0.44375 0.00703125 0.0125
3 0.653516 0.520833 0.0117188 0.0361111
7 0.435547 0.4875 0.0164062 0.0277778
7 0.421875 0.485417 0.015625 0.0236111
2 0.7625 0.421528 0.025 0.0236111
1 0.360547 0.372222 0.00859375 0.0194444
1 0.560547 0.383333 0.00859375 0.0305556
7 0.465625 0.490972 0.0140625 0.0263889
7 0.310156 0.481944 0.021875 0.0527778
7 0.404687 0.485417 0.021875 0.0291667
7 0.449219 0.496528 0.025 0.0402778
2 0.609375 0.388889 0.0125 0.0416667
7 0.904297 0.782639 0.191406 0.429167
5 0.348437 0.456944 0.059375 0.116667
7 0.490234 0.53125 0.0664062 0.0958333
5 0.227734 0.413889 0.157031 0.3
7 0.0574219 0.492361 0.114844 0.184722
