7 0.608594 0.585417 0.0328125 0.0597222
1 0.511719 0.484028 0.00625 0.0152778
7 0.601953 0.553472 0.0445312 0.0513889
2 0.321875 0.559722 0.0109375 0.0138889
7 0.30625 0.5875 0.0265625 0.0277778
2 0.442578 0.505556 0.0179687 0.0111111
1 0.566797 0.4875 0.00703125 0.0194444
1 0.403516 0.497917 0.00703125 0.0180556
1 0.273828 0.527083 0.00859375 0.0208333
2 0.445312 0.489583 0.009375 0.0180556
0 0.526172 0.511806 0.0648438 0.0319444
2 0.699609 0.486111 0.0148437 0.0194444
7 0.655859 0.615278 0.114844 0.127778
7 0.261719 0.585417 0.05 0.0513889
7 0.173438 0.584722 0.0953125 0.0583333
2 0.217578 0.415972 0.0507812 0.0597222
2 0.694531 0.439583 0.034375 0.0541667
7 0.453906 0.725 0.36875 0.447222
7 0.757812 0.634028 0.148438 0.226389
7 0.882422 0.669444 0.233594 0.411111
