1 0.654688 0.0951389 0.00625 0.0152778
7 0.446875 0.138889 0.0109375 0.0166667
7 0.614062 0.140278 0.0125 0.0138889
7 0.576563 0.140278 0.0109375 0.0138889
7 0.439063 0.139583 0.0140625 0.0180556
7 0.426172 0.142361 0.0117188 0.0208333
7 0.415234 0.14375 0.0101562 0.0208333
7 0.565234 0.138889 0.0117188 0.0138889
1 0.550781 0.0861111 0.00625 0.0194444
1 0.487109 0.0840278 0.00703125 0.0208333
7 0.472266 0.140278 0.0195312 0.025
7 0.632812 0.142361 0.0171875 0.0208333
7 0.491016 0.140972 0.0179687 0.0236111
2 0.725 0.109722 0.009375 0.0194444
7 0.787891 0.152778 0.0242187 0.0333333
2 0.139453 0.0541667 0.0320312 0.0527778
7 0.0785156 0.171528 0.0601562 0.0625
7 0.402344 0.14375 0.0203125 0.0263889
7 0.290234 0.15625 0.0445312 0.0513889
7 0.0363281 0.226389 0.0726563 0.194444
7 0.136328 0.157639 0.0726563 0.0680556
7 0.254687 0.184722 0.0953125 0.0916667
