3 0.770703 0.667361 0.0226563 0.0680556
1 0.651563 0.436806 0.0109375 0.0263889
3 0.336719 0.483333 0.009375 0.0388889
1 0.417188 0.448611 0.00625 0.0138889
1 0.520703 0.430556 0.00703125 0.0166667
1 0.567578 0.274306 0.0117188 0.0541667
1 0.321875 0.290278 0.0109375 0.0416667
2 0.644141 0.338889 0.0304688 0.0166667
2 0.779688 0.39375 0.015625 0.0319444
1 0.6375 0.305556 0.0109375 0.0388889
1 0.585938 0.272917 0.0125 0.0541667
4 0.969922 0.700694 0.0601562 0.131944
7 0.371484 0.491667 0.0335938 0.0388889
2 0.139453 0.336806 0.0273438 0.0180556
7 0.514844 0.678472 0.428125 0.456944
7 0.134375 0.580556 0.26875 0.697222
7 0.267188 0.561111 0.146875 0.236111
