2 0.830859 0.109028 0.0164062 0.0319444
7 0.3375 0.490972 0.046875 0.0458333
1 0.244141 0.310417 0.0101562 0.0430556
1 0.0109375 0.368056 0.0125 0.0305556
1 0.35 0.258333 0.0109375 0.0444444
1 0.3625 0.261111 0.0125 0.0416667
2 0.633594 0.320139 0.0140625 0.0125
2 0.299219 0.411111 0.0140625 0.025
2 0.816797 0.195139 0.0210938 0.0736111
2 0.821094 0.0166667 0.03125 0.0305556
7 0.0363281 0.667361 0.0726563 0.445833
2 0.841016 0.138889 0.0335938 0.025
2 0.0125 0.259722 0.025 0.0666667
2 0.822266 0.0659722 0.0429688 0.0541667
7 0.511719 0.525694 0.340625 0.570833
7 0.718359 0.480556 0.135156 0.238889
7 0.855469 0.595139 0.289062 0.423611
7 0.193359 0.538194 0.271094 0.306944
