2 0.575781 0.459028 0.009375 0.00972222
1 0.502734 0.384028 0.00703125 0.0319444
1 0.489062 0.383333 0.00625 0.0277778
1 0.496484 0.384028 0.00859375 0.0319444
1 0.628516 0.378472 0.00703125 0.0291667
2 0.740625 0.431944 0.009375 0.025
1 0.621094 0.380556 0.009375 0.0305556
1 0.601172 0.460417 0.00703125 0.0152778
7 0.224609 0.536806 0.449219 0.5375
7 0.873047 0.495833 0.0476562 0.0416667
7 0.900781 0.498611 0.0375 0.0444444
7 0.763281 0.498611 0.0390625 0.025
2 0.442578 0.398611 0.0320312 0.0166667
2 0.675781 0.381944 0.028125 0.0138889
7 0.594922 0.5 0.0398437 0.0555556
7 0.676562 0.525 0.120312 0.191667
7 0.525781 0.494444 0.0515625 0.0694444
