2 0.696094 0.456944 0.0078125 0.0138889
7 0.601172 0.474306 0.0132813 0.0208333
7 0.700781 0.484722 0.015625 0.0361111
7 0.690625 0.484028 0.0125 0.0236111
7 0.590625 0.475 0.0125 0.0222222
7 0.558594 0.480556 0.015625 0.0361111
7 0.746094 0.507639 0.021875 0.0680556
1 0.665625 0.444444 0.0078125 0.0166667
7 0.580469 0.475694 0.0140625 0.0263889
7 0.545313 0.475694 0.0234375 0.0513889
7 0.569922 0.479167 0.0179687 0.0333333
7 0.526563 0.481944 0.025 0.05
1 0.607813 0.4375 0.0078125 0.0194444
2 0.939453 0.353472 0.0226563 0.0430556
7 0.501953 0.473611 0.0335938 0.0722222
7 0.477344 0.479167 0.0390625 0.0861111
7 0.380469 0.499306 0.071875 0.0930556
7 0.435937 0.486806 0.05625 0.0819444
7 0.772656 0.510417 0.0546875 0.101389
7 0.719922 0.49375 0.0398437 0.0569444
7 0.851562 0.525 0.15625 0.169444
7 0.655469 0.497222 0.0640625 0.111111
