7 0.991406 0.538889 0.0171875 0.0694444
2 0.322266 0.405556 0.0148437 0.0111111
7 0.633594 0.485417 0.0328125 0.0236111
2 0.175391 0.0111111 0.0304688 0.0194444
1 0.491797 0.395139 0.00703125 0.0208333
1 0.608984 0.39375 0.00703125 0.0263889
3 0.285547 0.486806 0.0148437 0.0736111
2 0.459766 0.406944 0.0101562 0.00833333
2 0.191406 0.334722 0.0296875 0.0138889
1 0.449219 0.363889 0.009375 0.0277778
1 0.602344 0.393056 0.00625 0.025
2 0.0464844 0.295833 0.0195312 0.0416667
1 0.184766 0.389583 0.0117188 0.0291667
1 0.6375 0.341667 0.009375 0.0388889
1 0.901172 0.431944 0.0101562 0.025
1 0.628906 0.341667 0.0078125 0.0333333
1 0.398438 0.389583 0.0078125 0.0263889
1 0.169531 0.389583 0.0171875 0.0291667
3 0.978906 0.525694 0.01875 0.0902778
1 0.809375 0.319444 0.0109375 0.0361111
3 0.734766 0.517361 0.0179687 0.0930556
2 0.326562 0.284028 0.0171875 0.0263889
7 0.0496094 0.511806 0.0992187 0.293056
2 0.891016 0.336111 0.0320312 0.0194444
7 0.920313 0.516667 0.090625 0.0611111
7 0.5625 0.482639 0.0390625 0.0402778
7 0.203516 0.496528 0.100781 0.106944
7 0.821094 0.54375 0.125 0.126389
