7 0.371094 0.540972 0.0203125 0.0291667
7 0.510156 0.547222 0.0234375 0.0388889
7 0.423438 0.538194 0.009375 0.0152778
7 0.51875 0.542361 0.034375 0.0513889
7 0.959766 0.620833 0.0804688 0.238889
7 0.342187 0.546528 0.028125 0.0319444
7 0.489844 0.542361 0.015625 0.0319444
7 0.528516 0.549306 0.0210938 0.0486111
7 0.667969 0.572917 0.0625 0.115278
1 0.426562 0.495833 0.0078125 0.0166667
1 0.396875 0.496528 0.0078125 0.0152778
7 0.636328 0.561806 0.0679687 0.0958333
7 0.592578 0.559028 0.0492188 0.0736111
7 0.408594 0.540278 0.01875 0.0277778
7 0.840234 0.580556 0.192969 0.186111
