1 0.0339844 0.286111 0.00859375 0.025
2 0.00859375 0.204167 0.0171875 0.0194444
2 0.504687 0.341667 0.00625 0.0138889
1 0.324609 0.222222 0.00859375 0.0361111
1 0.557031 0.151389 0.0109375 0.0416667
7 0.502734 0.371528 0.0148437 0.0291667
1 0.314844 0.218056 0.009375 0.0388889
7 0.335156 0.375694 0.0234375 0.0347222
7 0.305078 0.382639 0.0257812 0.0430556
7 0.323047 0.384028 0.0164062 0.0347222
2 0.0238281 0.241667 0.0367187 0.0222222
7 0.286328 0.386806 0.0242187 0.0458333
1 0.0332031 0.147222 0.0148437 0.0555556
2 0.272266 0.229861 0.0382813 0.0180556
2 0.955859 0.158333 0.0257812 0.0416667
0 0.660156 0.294444 0.3125 0.486111
7 0.901563 0.449306 0.195312 0.223611
7 0.251953 0.392361 0.0554687 0.0569444
7 0.0632813 0.418056 0.126563 0.152778
7 0.419141 0.479167 0.214844 0.308333
