2 0.0949219 0.472222 0.00703125 0.0194444
1 0.449219 0.346528 0.0140625 0.0486111
1 0.899609 0.469444 0.0101562 0.0166667
1 0.549609 0.436111 0.0117188 0.0444444
1 0.0269531 0.433333 0.0164062 0.0527778
1 0.0238281 0.4875 0.0117188 0.0222222
1 0.889844 0.339583 0.0171875 0.0291667
7 0.104297 0.569444 0.0617188 0.0611111
2 0.353906 0.495139 0.0140625 0.0236111
7 0.479297 0.53125 0.0367187 0.0513889
7 0.322656 0.523611 0.0515625 0.0722222
7 0.183203 0.554167 0.0804688 0.0916667
7 0.414844 0.556944 0.09375 0.136111
7 0.582422 0.554861 0.111719 0.126389
