7 0.191797 0.331944 0.0179687 0.0222222
2 0.271094 0.263194 0.015625 0.00972222
7 0.272656 0.319444 0.0125 0.0166667
7 0.254297 0.318056 0.0101562 0.0138889
1 0.201953 0.302778 0.00703125 0.0166667
7 0.203125 0.329861 0.0140625 0.0208333
1 0.258984 0.269444 0.00703125 0.0194444
2 0.405469 0.00763889 0.025 0.0152778
2 0.35625 0.214583 0.0109375 0.0208333
1 0.433984 0.184722 0.0132813 0.0305556
1 0.425781 0.0673611 0.0203125 0.0375
2 0.430859 0.0375 0.0382813 0.0222222
7 0.814844 0.220139 0.075 0.0597222
7 0.744531 0.280556 0.210938 0.144444
