7 0.484375 0.615972 0.0109375 0.0375
7 0.511328 0.603472 0.0132813 0.0180556
7 0.596484 0.609722 0.0179687 0.0527778
7 0.583984 0.6125 0.0179687 0.0416667
7 0.492969 0.614583 0.01875 0.0319444
7 0.615625 0.615278 0.0421875 0.0611111
7 0.686328 0.630556 0.0601562 0.125
7 0.459375 0.611806 0.0515625 0.0708333
7 0.641016 0.627778 0.0460938 0.0694444
7 0.770703 0.6375 0.153906 0.183333
7 0.538672 0.619444 0.0460938 0.0638889
7 0.394531 0.623611 0.0953125 0.111111
7 0.105078 0.597917 0.210156 0.340278
7 0.260156 0.646528 0.196875 0.190278
7 0.9 0.638889 0.198437 0.219444
