4 0.128906 0.377083 0.0296875 0.0458333
2 0.162109 0.310417 0.0195312 0.0347222
7 0.632422 0.370139 0.0257812 0.0458333
3 0.0714844 0.354167 0.0226563 0.0972222
7 0.539062 0.369444 0.01875 0.0277778
1 0.166797 0.277778 0.0101562 0.025
4 0.139453 0.374306 0.0289063 0.0458333
1 0.207813 0.01875 0.01875 0.0347222
3 0.00585938 0.372222 0.0117188 0.105556
1 0.654688 0.165278 0.0109375 0.0472222
1 0.185156 0.0180556 0.01875 0.0333333
4 0.108984 0.377778 0.0351562 0.0472222
3 0.855859 0.411111 0.0226563 0.0888889
7 0.307031 0.404861 0.090625 0.143056
7 0.244531 0.38125 0.10625 0.118056
7 0.584766 0.388889 0.0867188 0.116667
7 0.433203 0.478472 0.263281 0.351389
7 0.738672 0.420833 0.217969 0.277778
