1 0.458984 0.352083 0.00546875 0.0125
1 0.591406 0.360417 0.00625 0.0125
7 0.551172 0.379861 0.0148437 0.0180556
7 0.180469 0.393056 0.0515625 0.0361111
7 0.434375 0.382639 0.0125 0.0180556
7 0.223828 0.388889 0.0226563 0.025
7 0.584375 0.38125 0.0171875 0.0180556
7 0.389062 0.390278 0.034375 0.0388889
1 0.473047 0.336111 0.00703125 0.0166667
7 0.9375 0.379167 0.05 0.0472222
1 0.402734 0.342361 0.00703125 0.0180556
7 0.116797 0.39375 0.0320312 0.0430556
7 0.465625 0.381944 0.009375 0.0138889
7 0.448828 0.38125 0.0117188 0.0180556
2 0.518359 0.352778 0.00859375 0.0194444
7 0.0675781 0.402083 0.0585938 0.0513889
7 0.347266 0.386806 0.0320312 0.0375
7 0.492578 0.385417 0.0226563 0.0291667
7 0.878125 0.375694 0.0828125 0.0569444
7 0.273828 0.409722 0.0789063 0.0833333
