5 0.276172 0.520139 0.0679687 0.0736111
7 0.477344 0.539583 0.0140625 0.0208333
2 0.473828 0.519444 0.00703125 0.0138889
2 0.594922 0.511806 0.00859375 0.0152778
0 0.275781 0.519444 0.0671875 0.075
7 0.408984 0.532639 0.0195312 0.0180556
2 0.423438 0.504861 0.009375 0.0291667
7 0.605859 0.561111 0.0257812 0.0583333
7 0.370703 0.5375 0.0273438 0.0333333
7 0.298047 0.546528 0.0523437 0.0486111
2 0.746094 0.454861 0.028125 0.0430556
7 0.500781 0.553472 0.0390625 0.0625
7 0.0851562 0.532639 0.170312 0.126389
2 0.477734 0.477083 0.0476562 0.0430556
7 0.442187 0.547917 0.0359375 0.0541667
7 0.555469 0.559028 0.0859375 0.134722
7 0.8875 0.672222 0.223438 0.363889
