7 0.427734 0.446528 0.0117188 0.0208333
7 0.0230469 0.450694 0.0460938 0.234722
1 0.453906 0.398611 0.00625 0.0138889
7 0.466016 0.445139 0.0117188 0.0236111
7 0.415234 0.442361 0.0164062 0.0236111
7 0.361328 0.438889 0.0210938 0.0388889
7 0.388672 0.441667 0.0335938 0.0416667
7 0.557813 0.438194 0.03125 0.0541667
7 0.447656 0.435417 0.03125 0.0458333
2 0.260547 0.375 0.0132813 0.0277778
7 0.287109 0.438889 0.0492188 0.0555556
7 0.677734 0.471528 0.0804688 0.109722
7 0.337891 0.438194 0.0382813 0.0541667
7 0.790234 0.477083 0.180469 0.173611
7 0.504687 0.4625 0.08125 0.113889
7 0.144141 0.46875 0.249219 0.243056
7 0.921484 0.506944 0.157031 0.333333
