7 0.621484 0.725694 0.0179687 0.0375
7 0.629297 0.728472 0.0164062 0.0430556
7 0.601562 0.71875 0.0140625 0.0208333
1 0.576953 0.673611 0.00703125 0.0166667
1 0.620703 0.674306 0.00703125 0.0180556
5 0.666406 0.722222 0.06875 0.111111
7 0.503906 0.729167 0.0234375 0.0333333
7 0.0320312 0.871528 0.0640625 0.2375
7 0.693359 0.753472 0.0523437 0.1125
7 0.39375 0.7625 0.040625 0.075
7 0.349609 0.767361 0.0648438 0.104167
7 0.744141 0.764583 0.0992187 0.143056
7 0.289062 0.790278 0.0890625 0.122222
7 0.83125 0.794444 0.15 0.175
7 0.928125 0.860417 0.14375 0.259722
7 0.153906 0.835417 0.203125 0.179167
7 0.553906 0.8 0.125 0.183333
