7 0.444531 0.403472 0.0234375 0.0291667
1 0.510156 0.341667 0.00625 0.0138889
7 0.465625 0.395833 0.0203125 0.025
7 0.590234 0.357639 0.0164062 0.0263889
7 0.608203 0.355556 0.0257812 0.0444444
7 0.646875 0.355556 0.01875 0.0472222
1 0.570703 0.279167 0.0101562 0.025
7 0.545703 0.365972 0.0148437 0.0180556
7 0.558984 0.361111 0.0101562 0.0138889
1 0.447656 0.303472 0.009375 0.0319444
1 0.565625 0.323611 0.00625 0.0166667
7 0.504687 0.381944 0.0296875 0.0361111
7 0.639063 0.348611 0.0328125 0.0555556
2 0.605469 0.320139 0.009375 0.0180556
7 0.376953 0.431944 0.0335938 0.0611111
7 0.396875 0.422222 0.025 0.0527778
7 0.664453 0.348611 0.0304688 0.0777778
7 0.355469 0.445833 0.0375 0.0611111
7 0.305469 0.469444 0.0828125 0.0833333
7 0.102734 0.557639 0.203906 0.168056
7 0.912109 0.354861 0.175781 0.206944
7 0.705469 0.34375 0.0734375 0.0930556
