2 0.721875 0.286111 0.025 0.0222222
7 0.432813 0.455556 0.0125 0.0305556
7 0.0199219 0.532639 0.0398437 0.206944
2 0.438672 0.418056 0.00859375 0.00833333
1 0.507812 0.3875 0.0078125 0.0194444
1 0.605469 0.366667 0.009375 0.0222222
1 0.712109 0.315278 0.0195312 0.0361111
1 0.470703 0.384028 0.00703125 0.0180556
1 0.317969 0.394444 0.0125 0.025
2 0.719922 0.223611 0.0304688 0.0361111
1 0.505469 0.231944 0.0109375 0.0472222
1 0.518359 0.233333 0.0117188 0.0472222
1 0.391406 0.188889 0.0140625 0.0555556
2 0.726953 0.259028 0.0210938 0.0291667
2 0.310156 0.345833 0.021875 0.0138889
1 0.407813 0.188194 0.0125 0.0513889
2 0.321875 0.360417 0.0234375 0.0180556
2 0.601172 0.338194 0.0226563 0.0180556
2 0.691406 0.203472 0.0421875 0.0291667
7 0.421094 0.460417 0.021875 0.0375
2 0.550781 0.353472 0.0125 0.0263889
7 0.389453 0.464583 0.0476562 0.0680556
7 0.716016 0.474306 0.169531 0.240278
7 0.128125 0.509028 0.246875 0.248611
7 0.500781 0.495833 0.140625 0.213889
7 0.860937 0.551389 0.278125 0.388889
