2 0.574609 0.402778 0.0101562 0.00833333
7 0.683594 0.464583 0.0234375 0.0430556
7 0.374219 0.438889 0.0328125 0.0361111
7 0.427734 0.425 0.00703125 0.0111111
1 0.432422 0.3625 0.00703125 0.025
1 0.382422 0.332639 0.00859375 0.0236111
1 0.06875 0.300694 0.0078125 0.0319444
1 0.511719 0.347917 0.0078125 0.0263889
7 0.162109 0.436806 0.0304688 0.0319444
7 0.748047 0.46875 0.0710938 0.0458333
2 0.548828 0.416667 0.0101562 0.0222222
7 0.119922 0.440972 0.0289063 0.0263889
7 0.444531 0.457639 0.0375 0.0513889
