7 0.520703 0.425694 0.0148437 0.0263889
1 0.183594 0.347917 0.015625 0.0263889
7 0.516016 0.425 0.0101562 0.0222222
7 0.448438 0.436111 0.0171875 0.0333333
7 0.458984 0.429167 0.0148437 0.0277778
1 0.491406 0.397222 0.00625 0.0138889
2 0.782812 0.233333 0.0265625 0.0166667
1 0.192578 0.347917 0.0132813 0.0263889
3 0.208984 0.446528 0.0382813 0.0930556
2 0.763672 0.290278 0.0148437 0.0194444
1 0.333594 0.0291667 0.01875 0.0527778
7 0.435547 0.4375 0.0226563 0.0444444
1 0.317187 0.0291667 0.0140625 0.0555556
1 0.628906 0.131944 0.0140625 0.0638889
1 0.747266 0.322917 0.0195312 0.0319444
1 0.963672 0.234722 0.0273438 0.05
1 0.991406 0.229861 0.0171875 0.0486111
1 0.612891 0.136111 0.0148437 0.0583333
7 0.767187 0.440972 0.0890625 0.109722
7 0.538672 0.426389 0.0289063 0.0416667
2 0.767578 0.265278 0.0320312 0.0222222
7 0.491406 0.429861 0.0265625 0.0347222
7 0.405859 0.446528 0.0507812 0.0680556
7 0.125391 0.586111 0.249219 0.394444
7 0.859766 0.542361 0.278906 0.3375
