7 0.536328 0.580556 0.0132813 0.025
7 0.375 0.534722 0.053125 0.0722222
1 0.300781 0.417361 0.00625 0.0236111
1 0.548047 0.502083 0.0101562 0.0236111
7 0.3375 0.550694 0.0234375 0.0236111
1 0.467187 0.460417 0.0109375 0.0263889
1 0.352734 0.422917 0.00859375 0.0263889
2 0.71875 0.483333 0.015625 0.0194444
7 0.0582031 0.515278 0.110156 0.0972222
5 0.516797 0.556944 0.0367187 0.0694444
7 0.592188 0.593056 0.0359375 0.0583333
7 0.909766 0.663194 0.0679687 0.0791667
7 0.620313 0.599306 0.05 0.0708333
7 0.145703 0.513889 0.0757812 0.0888889
7 0.684375 0.605556 0.10625 0.122222
7 0.445312 0.5625 0.0828125 0.133333
7 0.794141 0.646528 0.189844 0.181944
