2 0.233203 0.488194 0.0242187 0.0152778
1 0.247266 0.511806 0.0101562 0.0236111
7 0.524609 0.586111 0.0132813 0.0194444
7 0.55625 0.580556 0.0140625 0.0166667
5 0.930859 0.552778 0.138281 0.652778
7 0.599219 0.577083 0.021875 0.0236111
1 0.785937 0.400694 0.015625 0.0291667
1 0.608984 0.513194 0.00859375 0.0208333
7 0.30625 0.596528 0.0765625 0.0541667
2 0.629687 0.474306 0.0140625 0.0236111
1 0.634766 0.375694 0.0132813 0.0402778
1 0.515234 0.529167 0.00859375 0.0194444
7 0.574219 0.580556 0.015625 0.0194444
1 0.339063 0.366667 0.0125 0.0527778
2 0.630078 0.502778 0.0132813 0.0222222
2 0.59375 0.520833 0.0203125 0.0194444
1 0.153125 0.327083 0.01875 0.0652778
1 0.354297 0.363194 0.0132813 0.0486111
2 0.411719 0.490278 0.021875 0.0555556
2 0.784375 0.488194 0.0390625 0.0597222
7 0.0453125 0.604861 0.0890625 0.0597222
2 0.254297 0.43125 0.0945313 0.0597222
