7 0.314453 0.479167 0.0117188 0.0166667
7 0.309375 0.479167 0.0125 0.0166667
1 0.0628906 0.290972 0.0101562 0.0291667
7 0.188281 0.482639 0.01875 0.0236111
7 0.220313 0.478472 0.0109375 0.0152778
1 0.333984 0.303472 0.0101562 0.0291667
1 0.497266 0.411806 0.0179687 0.0263889
2 0.495703 0.363194 0.0195312 0.0180556
1 0.405078 0.363194 0.0101562 0.0208333
1 0.608594 0.171528 0.0171875 0.0486111
7 0.203906 0.480556 0.0125 0.0166667
1 0.411719 0.434722 0.009375 0.0194444
2 0.411328 0.3875 0.0132813 0.0111111
7 0.325781 0.48125 0.0171875 0.0208333
7 0.262891 0.475 0.0132813 0.0222222
1 0.624609 0.238194 0.0148437 0.0708333
1 0.470313 0.0180556 0.015625 0.0333333
7 0.104297 0.488889 0.0320312 0.0444444
7 0.246875 0.473611 0.015625 0.0222222
1 0.444531 0.03125 0.01875 0.0569444
2 0.354688 0.429167 0.009375 0.025
7 0.157813 0.488889 0.040625 0.0444444
2 0.440234 0.329861 0.0507812 0.0236111
2 0.483594 0.302083 0.025 0.0486111
2 0.905078 0.152778 0.0429688 0.105556
7 0.05625 0.528472 0.110937 0.456944
2 0.904688 0.249306 0.04375 0.0847222
7 0.772266 0.547917 0.455469 0.381944
