1 0.401953 0.479861 0.00546875 0.0125
2 0.595703 0.429167 0.0164062 0.0138889
2 0.312109 0.45 0.0132813 0.0111111
2 0.366406 0.473611 0.0078125 0.0111111
1 0.367578 0.420139 0.00859375 0.0236111
1 0.466016 0.428472 0.00859375 0.0236111
2 0.542578 0.452778 0.0132813 0.0111111
2 0.588672 0.449306 0.0164062 0.0125
7 0.378516 0.520139 0.0320312 0.0513889
2 0.496484 0.489583 0.00703125 0.0180556
2 0.345703 0.484028 0.00859375 0.0180556
2 0.542188 0.429861 0.0171875 0.0208333
7 0.256641 0.535417 0.0507812 0.104167
7 0.0324219 0.611111 0.0648438 0.244444
7 0.287109 0.527778 0.0492188 0.0861111
7 0.502734 0.533333 0.0445312 0.0583333
2 0.946094 0.338194 0.0421875 0.0958333
7 0.352344 0.5375 0.053125 0.0694444
7 0.436719 0.548611 0.0875 0.147222
7 0.196875 0.548611 0.114063 0.127778
7 0.553125 0.555556 0.084375 0.0944444
7 0.759766 0.636111 0.307031 0.369444
