7 0.573828 0.446528 0.0132813 0.0152778
1 0.522656 0.404167 0.00625 0.0138889
7 0.526953 0.448611 0.0101562 0.0138889
2 0.661328 0.390278 0.0132813 0.0111111
1 0.577344 0.4 0.00625 0.0138889
1 0.559375 0.416667 0.00625 0.0138889
7 0.410937 0.481944 0.0171875 0.0388889
7 0.028125 0.583333 0.05625 0.183333
2 0.374219 0.35 0.0109375 0.0111111
2 0.703125 0.365278 0.01875 0.0138889
1 0.585156 0.360417 0.0078125 0.0180556
1 0.467578 0.363889 0.00859375 0.0222222
7 0.587109 0.446528 0.0132813 0.0152778
2 0.121094 0.359028 0.021875 0.0597222
7 0.359766 0.488889 0.0414063 0.0638889
2 0.380469 0.365278 0.0171875 0.0138889
7 0.476172 0.457639 0.0226563 0.0319444
7 0.375781 0.470833 0.0625 0.0777778
7 0.965234 0.478472 0.0695312 0.184722
7 0.695312 0.458333 0.05 0.0583333
7 0.894141 0.459028 0.136719 0.151389
7 0.305859 0.493056 0.0882813 0.0972222
7 0.808203 0.470833 0.0867188 0.0944444
7 0.090625 0.545139 0.176563 0.159722
