7 0.398828 0.460417 0.0179687 0.0486111
7 0.40625 0.458333 0.01875 0.0444444
2 0.582031 0.308333 0.0109375 0.0222222
7 0.387109 0.4625 0.0257812 0.0527778
3 0.796875 0.485417 0.040625 0.2625
4 0.657812 0.482639 0.0265625 0.0652778
1 0.836719 0.229861 0.025 0.0486111
2 0.520703 0.408333 0.00859375 0.0166667
1 0.779297 0.243056 0.0164062 0.0472222
7 0.346875 0.472222 0.034375 0.0611111
3 0.762891 0.436111 0.0304688 0.116667
7 0.367969 0.465972 0.03125 0.0569444
2 0.785547 0.0868056 0.0601562 0.0430556
2 0.569141 0.363889 0.0179687 0.0305556
7 0.537891 0.447917 0.0398437 0.0680556
7 0.321875 0.480556 0.0375 0.0805556
7 0.117188 0.604861 0.234375 0.395833
7 0.260938 0.481944 0.103125 0.130556
7 0.469141 0.472222 0.114844 0.194444
