7 0.569922 0.55625 0.0101562 0.0152778
7 0.551172 0.55625 0.0117188 0.0152778
7 0.579687 0.555556 0.0109375 0.0166667
2 0.580859 0.461806 0.0148437 0.00972222
7 0.592188 0.553472 0.0171875 0.0263889
7 0.605859 0.559028 0.0117188 0.0152778
2 0.600781 0.525694 0.0203125 0.00972222
7 0.291406 0.553472 0.078125 0.0736111
2 0.575391 0.527778 0.0132813 0.0111111
2 0.537891 0.458333 0.0210938 0.0166667
2 0.556641 0.529167 0.0226563 0.0138889
2 0.582422 0.486111 0.0210938 0.0416667
2 0.614844 0.484028 0.0359375 0.0375
2 0.546484 0.4875 0.0398437 0.0472222
