7 0.790234 0.568056 0.0226563 0.0666667
7 0.819922 0.545833 0.0210938 0.025
2 0.618359 0.221528 0.0195312 0.0319444
7 0.975781 0.632639 0.0484375 0.143056
1 0.553906 0.374306 0.0234375 0.0513889
7 0.839844 0.557639 0.0296875 0.0347222
2 0.610156 0.275694 0.025 0.0375
7 0.880469 0.56875 0.040625 0.0597222
7 0.915234 0.577083 0.0539063 0.0847222
1 0.576563 0.373611 0.025 0.05
2 0.572656 0.183333 0.05625 0.0333333
7 0.955078 0.605556 0.0789063 0.102778
2 0.578906 0.240972 0.040625 0.0319444
7 0.040625 0.561806 0.08125 0.229167
2 0.603516 0.318056 0.0585938 0.0388889
3 0.310937 0.609028 0.0625 0.279167
7 0.729688 0.586111 0.121875 0.169444
