1 0.428125 0.525 0.00625 0.0138889
7 0.795703 0.566667 0.0757812 0.05
7 0.642187 0.549306 0.025 0.0319444
2 0.498437 0.525 0.00625 0.0111111
1 0.5125 0.468056 0.0078125 0.0222222
1 0.457812 0.511806 0.00625 0.0125
1 0.480078 0.515972 0.00546875 0.0125
2 0.625781 0.452083 0.009375 0.0208333
1 0.558203 0.472917 0.00703125 0.0180556
7 0.586328 0.547917 0.0289063 0.0291667
1 0.396484 0.469444 0.00859375 0.025
2 0.510938 0.529167 0.009375 0.0194444
7 0.721094 0.556944 0.0390625 0.0305556
2 0.647656 0.507639 0.0078125 0.0152778
7 0.539453 0.544444 0.0195312 0.0222222
2 0.629297 0.41875 0.0210938 0.0291667
2 0.0660156 0.409722 0.117969 0.122222
7 0.474609 0.546528 0.0148437 0.0180556
7 0.414062 0.548611 0.021875 0.0305556
7 0.438672 0.547917 0.0210938 0.0291667
7 0.880859 0.568056 0.0898438 0.0555556
2 0.864844 0.422222 0.135937 0.169444
7 0.202344 0.604861 0.195312 0.220833
