1 0.167187 0.430556 0.009375 0.0361111
2 0.523047 0.489583 0.0132813 0.0291667
7 0.524219 0.5125 0.0125 0.0166667
1 0.548828 0.413194 0.0117188 0.0263889
4 0.483594 0.585417 0.015625 0.0652778
1 0.497656 0.481944 0.009375 0.0222222
1 0.537891 0.288889 0.0164062 0.0694444
3 0.719141 0.545139 0.0273438 0.143056
3 0.303125 0.602083 0.0234375 0.0930556
1 0.283594 0.463194 0.01875 0.0375
7 0.631641 0.527778 0.0195312 0.0333333
2 0.283203 0.431944 0.0164062 0.025
7 0.586328 0.51875 0.0195312 0.0236111
2 0.714844 0.390972 0.040625 0.0875
7 0.560156 0.536806 0.0265625 0.0347222
7 0.0886719 0.597917 0.125781 0.148611
