7 0.530469 0.506944 0.0125 0.0166667
7 0.40625 0.542361 0.0375 0.0430556
7 0.515234 0.504167 0.0148437 0.0222222
2 0.604297 0.470139 0.00859375 0.0152778
7 0.595703 0.496528 0.0148437 0.0319444
6 0.426172 0.5375 0.0273438 0.0388889
7 0.603125 0.501389 0.015625 0.0388889
7 0.589063 0.494444 0.0140625 0.0305556
7 0.500781 0.506944 0.0203125 0.0305556
7 0.609375 0.504167 0.0171875 0.0416667
4 0.0140625 0.678472 0.028125 0.168056
7 0.669922 0.533333 0.0382813 0.0916667
7 0.469531 0.520139 0.040625 0.0486111
7 0.635156 0.509722 0.0484375 0.0694444
7 0.7375 0.533333 0.132812 0.158333
7 0.896875 0.622917 0.20625 0.359722
7 0.291406 0.584722 0.190625 0.202778
