2 0.658594 0.390278 0.0171875 0.0305556
1 0.410547 0.342361 0.00546875 0.0263889
1 0.464844 0.318056 0.0109375 0.0305556
1 0.459766 0.318056 0.00859375 0.0305556
1 0.469141 0.317361 0.0101562 0.0291667
1 0.407031 0.340972 0.009375 0.0263889
1 0.472266 0.31875 0.00546875 0.0291667
1 0.398438 0.343056 0.00625 0.025
1 0.525391 0.40625 0.0101562 0.0208333
2 0.3375 0.395139 0.0140625 0.00972222
7 0.240234 0.48125 0.0492188 0.0430556
2 0.346094 0.434722 0.0125 0.0222222
2 0.508594 0.366667 0.015625 0.0333333
2 0.682031 0.181944 0.03125 0.0527778
