7 0.138281 0.599306 0.0390625 0.0486111
2 0.0542969 0.492361 0.0195312 0.0125
2 0.525781 0.496528 0.015625 0.00972222
7 0.515234 0.539583 0.0117188 0.0263889
7 0.521484 0.541667 0.0164062 0.0305556
5 0.495703 0.523611 0.0164062 0.0305556
7 0.0859375 0.609722 0.0609375 0.05
7 0.235547 0.572917 0.0320312 0.0541667
7 0.492188 0.557639 0.0296875 0.0625
7 0.531641 0.552083 0.0210938 0.0430556
7 0.189063 0.586806 0.075 0.0680556
7 0.646094 0.536806 0.0484375 0.0347222
7 0.572266 0.559028 0.0679687 0.109722
7 0.905469 0.604861 0.189063 0.340278
7 0.789844 0.588194 0.1625 0.1875
7 0.369531 0.654861 0.260938 0.384722
