1 0.473047 0.453472 0.00546875 0.0125
3 0.336719 0.490278 0.0109375 0.0444444
2 0.575391 0.3375 0.0398437 0.0222222
2 0.0714844 0.3125 0.0226563 0.0222222
7 0.248437 0.4875 0.03125 0.0361111
2 0.665625 0.297917 0.01875 0.0291667
1 0.671875 0.417361 0.009375 0.0236111
1 0.55625 0.267361 0.0125 0.0430556
1 0.489844 0.425694 0.0078125 0.0180556
1 0.423438 0.429167 0.0078125 0.0194444
1 0.0132813 0.00902778 0.0234375 0.0180556
1 0.0707031 0.402083 0.0148437 0.0263889
1 0.684375 0.419444 0.0140625 0.025
7 0.561719 0.500694 0.04375 0.0597222
7 0.535547 0.495833 0.0226563 0.0416667
7 0.6 0.516667 0.065625 0.0805556
7 0.936719 0.613889 0.126563 0.316667
7 0.0289063 0.540972 0.0578125 0.129167
7 0.504297 0.488194 0.0382813 0.0680556
