1 0.397266 0.424306 0.00703125 0.0152778
2 0.409766 0.425694 0.0101562 0.00972222
7 0.342187 0.478472 0.01875 0.0291667
7 0.187109 0.48125 0.0289063 0.0375
1 0.242969 0.383333 0.0109375 0.0361111
7 0.166406 0.481944 0.0375 0.0361111
2 0.243359 0.420833 0.0132813 0.025
7 0.205469 0.480556 0.0171875 0.0333333
7 0.226953 0.481944 0.0242187 0.0305556
7 0.00976562 0.488194 0.0195312 0.0513889
1 0.394531 0.300694 0.009375 0.0375
1 0.382812 0.301389 0.0109375 0.0444444
2 0.490234 0.4 0.0195312 0.0166667
7 0.0476562 0.484028 0.053125 0.0625
7 0.0917969 0.486806 0.0414063 0.0486111
7 0.448047 0.490278 0.0367187 0.0583333
7 0.492578 0.515278 0.0554687 0.102778
7 0.540234 0.531944 0.0945313 0.138889
7 0.387891 0.502083 0.0898438 0.143056
7 0.692187 0.599306 0.29375 0.284722
