2 0.515234 0.415972 0.00546875 0.0125
2 0.770703 0.127778 0.0117188 0.0333333
7 0.525391 0.444444 0.0179687 0.0416667
7 0.546094 0.440972 0.01875 0.0430556
7 0.517187 0.434722 0.0125 0.025
7 0.392969 0.446528 0.0125 0.0319444
1 0.501562 0.370139 0.0078125 0.0208333
2 0.403125 0.386806 0.0078125 0.00972222
7 0.557422 0.445139 0.0210938 0.0652778
1 0.776563 0.270833 0.0109375 0.0388889
1 0.813281 0.263194 0.021875 0.0458333
7 0.378125 0.456944 0.03125 0.0694444
7 0.588281 0.444444 0.0625 0.0972222
2 0.807422 0.140278 0.0382813 0.0305556
7 0.348047 0.463889 0.0539063 0.0916667
2 0.634375 0.323611 0.0234375 0.05
2 0.782031 0.0819444 0.059375 0.0416667
7 0.315234 0.483333 0.0632813 0.0972222
7 0.238281 0.507639 0.125 0.126389
7 0.661719 0.465278 0.120312 0.158333
7 0.454297 0.493056 0.160156 0.269444
