2 0.603906 0.290972 0.0109375 0.0208333
7 0.433594 0.421528 0.009375 0.0180556
7 0.118359 0.390278 0.0570313 0.0583333
7 0.497656 0.405556 0.0296875 0.0583333
7 0.417578 0.415278 0.0242187 0.0277778
2 0.328516 0.302778 0.0132813 0.0111111
7 0.469922 0.408333 0.0289063 0.0388889
7 0.369531 0.420139 0.03125 0.0347222
7 0.526953 0.418056 0.0429688 0.0833333
7 0.0605469 0.395139 0.0601562 0.0736111
2 0.319922 0.261111 0.0164062 0.0444444
7 0.550781 0.426389 0.0421875 0.1
7 0.0160156 0.392361 0.0320312 0.0986111
7 0.294531 0.399306 0.090625 0.120833
7 0.633984 0.429861 0.166406 0.204167
