7 0.40625 0.368056 0.015625 0.0416667
2 0.3625 0.335417 0.0125 0.00972222
7 0.578125 0.361111 0.0265625 0.0416667
7 0.598437 0.369444 0.0484375 0.0666667
7 0.386328 0.372222 0.0148437 0.0333333
1 0.383594 0.317361 0.00625 0.0180556
1 0.483203 0.292361 0.00703125 0.0208333
7 0.373437 0.380556 0.025 0.0527778
7 0.969141 0.547917 0.0617188 0.3375
7 0.357812 0.390972 0.0359375 0.0652778
7 0.332422 0.397917 0.0476562 0.0847222
7 0.298828 0.411111 0.0757812 0.116667
7 0.641406 0.422222 0.13125 0.186111
7 0.813281 0.466667 0.3625 0.291667
7 0.146094 0.4375 0.290625 0.336111
7 0.490625 0.453472 0.210938 0.290278
