7 0.390625 0.504167 0.0125 0.0138889
7 0.385547 0.504861 0.0101562 0.0152778
1 0.444531 0.480556 0.00625 0.0111111
2 0.455078 0.452778 0.0101562 0.00833333
1 0.401172 0.436111 0.00703125 0.0166667
1 0.380469 0.472222 0.00625 0.0138889
2 0.450391 0.433333 0.00859375 0.0166667
7 0.429688 0.5125 0.0140625 0.0388889
7 0.419922 0.50625 0.0132813 0.0236111
1 0.372266 0.432639 0.00859375 0.0208333
2 0.440234 0.461111 0.00859375 0.00833333
1 0.675781 0.372917 0.009375 0.0347222
1 0.169922 0.355556 0.0195312 0.0583333
7 0.439453 0.515972 0.0179687 0.0430556
7 0.460938 0.515972 0.0421875 0.0680556
1 0.711328 0.367361 0.0257812 0.0430556
2 0.553125 0.350694 0.0140625 0.0402778
1 0.20625 0.101389 0.01875 0.0861111
2 0.683203 0.243056 0.0445312 0.0305556
2 0.484766 0.441667 0.0179687 0.0388889
7 0.476953 0.532639 0.0585938 0.0763889
