2 0.472656 0.391667 0.00625 0.0166667
3 0.477344 0.428472 0.009375 0.0375
3 0.557813 0.427778 0.0203125 0.0888889
1 0.448828 0.372917 0.00703125 0.0152778
7 0.39375 0.435417 0.0171875 0.0458333
7 0.385156 0.438194 0.0171875 0.0513889
7 0.370703 0.434722 0.0257812 0.0666667
7 0.333594 0.454167 0.0453125 0.0944444
3 0.515234 0.423611 0.0101562 0.0444444
7 0.354297 0.440278 0.0382813 0.075
7 0.424609 0.426389 0.0179687 0.0277778
7 0.298438 0.4625 0.0734375 0.122222
7 0.445312 0.426389 0.0265625 0.0333333
2 0.510156 0.319444 0.015625 0.0361111
3 0.675391 0.475 0.0382813 0.194444
7 0.205469 0.483333 0.1625 0.205556
