7 0.630469 0.554167 0.0609375 0.0944444
7 0.330859 0.51875 0.0195312 0.0486111
7 0.0972656 0.521528 0.0507812 0.0569444
2 0.328125 0.467361 0.0078125 0.0152778
2 0.326953 0.43125 0.00859375 0.0236111
7 0.377734 0.511111 0.0585938 0.0722222
7 0.302734 0.518056 0.0554687 0.075
2 0.848828 0.4125 0.0148437 0.025
7 0.611328 0.534028 0.0726563 0.0652778
7 0.0136719 0.540972 0.0273438 0.0736111
7 0.0425781 0.530556 0.0570313 0.0694444
7 0.287891 0.554167 0.0773437 0.113889
7 0.561719 0.554167 0.084375 0.1
7 0.751172 0.588194 0.261719 0.184722
7 0.177734 0.601389 0.214844 0.233333
7 0.446484 0.679861 0.271094 0.376389
