2 0.590234 0.464583 0.00546875 0.0125
7 0.0183594 0.536806 0.0179687 0.0125
2 0.296875 0.515278 0.00625 0.0111111
7 0.386328 0.534722 0.0398437 0.0388889
7 0.422266 0.538889 0.0257812 0.0361111
1 0.0375 0.495139 0.0078125 0.0152778
1 0.322266 0.44375 0.00703125 0.0180556
7 0.0835937 0.533333 0.0171875 0.0138889
2 0.640625 0.469444 0.0078125 0.0138889
7 0.359766 0.536111 0.0179687 0.0194444
1 0.0910156 0.510417 0.00703125 0.0152778
7 0.220703 0.530556 0.0179687 0.0166667
2 0.625781 0.483333 0.0125 0.0138889
2 0.766406 0.48125 0.009375 0.0180556
5 0.386328 0.535417 0.0398437 0.0402778
2 0.371094 0.511806 0.00625 0.0152778
2 0.255078 0.509028 0.0117188 0.0208333
7 0.794141 0.523611 0.0414063 0.0361111
2 0.187891 0.432639 0.0195312 0.0319444
2 0.736328 0.466667 0.0117188 0.0194444
2 0.652734 0.477083 0.0132813 0.0236111
7 0.583984 0.501389 0.0257812 0.0277778
2 0.736719 0.435417 0.025 0.0402778
7 0.627344 0.530556 0.0359375 0.0527778
2 0.187891 0.380556 0.0445312 0.0694444
2 0.417188 0.338194 0.0703125 0.106944
2 0.491016 0.336806 0.0695312 0.106944
2 0.600781 0.335417 0.0859375 0.1125
7 0.504297 0.605556 0.189844 0.263889
