7 0.532812 0.436806 0.0125 0.0208333
1 0.547656 0.330556 0.0078125 0.0194444
7 0.380859 0.455556 0.0320312 0.0333333
3 0.665234 0.432639 0.0101562 0.0402778
7 0.476953 0.438889 0.0210938 0.0305556
2 0.577734 0.352778 0.0179687 0.0138889
1 0.380078 0.391667 0.00703125 0.0138889
3 0.590234 0.435417 0.00703125 0.0291667
1 0.581641 0.375 0.00859375 0.0194444
2 0.635547 0.386111 0.00859375 0.0194444
2 0.718359 0.338194 0.0148437 0.0347222
3 0.649609 0.438194 0.0132813 0.0513889
2 0.721875 0.295139 0.0234375 0.0541667
7 0.358594 0.465972 0.0296875 0.0486111
7 0.551172 0.450694 0.0367187 0.0486111
7 0.199609 0.508333 0.133594 0.127778
7 0.444141 0.447917 0.0492188 0.0347222
7 0.502344 0.447222 0.034375 0.0527778
7 0.332812 0.472222 0.04375 0.0583333
7 0.291016 0.48125 0.0570313 0.0736111
7 0.0914062 0.59375 0.18125 0.398611
7 0.878516 0.456944 0.242969 0.308333
7 0.736328 0.479167 0.0851562 0.130556
7 0.689062 0.46875 0.06875 0.0986111
