7 0.471484 0.379167 0.0117188 0.0138889
7 0.539062 0.378472 0.009375 0.0180556
7 0.440234 0.388194 0.0117188 0.0236111
7 0.452344 0.388194 0.0109375 0.0208333
7 0.446875 0.388194 0.0109375 0.0208333
7 0.551562 0.385417 0.0125 0.0236111
1 0.464453 0.363889 0.00546875 0.0138889
7 0.433203 0.390278 0.0148437 0.0277778
7 0.422266 0.395139 0.0164062 0.0291667
1 0.513672 0.340278 0.00703125 0.0166667
7 0.489453 0.38125 0.0179687 0.0180556
7 0.564453 0.388194 0.0226563 0.0291667
7 0.379687 0.411806 0.0234375 0.0402778
7 0.404297 0.401389 0.0289063 0.0361111
7 0.510547 0.388889 0.0242187 0.025
7 0.0859375 0.689583 0.170312 0.345833
7 0.351562 0.41875 0.0484375 0.0541667
7 0.510156 0.471528 0.084375 0.1375
0 0.807813 0.430556 0.3625 0.444444
