7 0.453906 0.359028 0.021875 0.0319444
7 0.560156 0.370139 0.01875 0.0375
7 0.590234 0.373611 0.0304688 0.0638889
1 0.553125 0.320833 0.00625 0.0166667
7 0.601953 0.383333 0.0320312 0.0694444
7 0.573047 0.370833 0.0195312 0.0416667
1 0.482812 0.327083 0.0078125 0.0180556
7 0.402734 0.388194 0.0820312 0.1125
7 0.539062 0.355556 0.0296875 0.0277778
7 0.717188 0.444444 0.110937 0.188889
2 0.613281 0.3125 0.0125 0.0222222
7 0.337891 0.382639 0.0695312 0.0930556
7 0.625391 0.396528 0.0539063 0.0986111
7 0.15625 0.449306 0.3125 0.518056
7 0.670703 0.413889 0.0851562 0.119444
7 0.864844 0.513194 0.26875 0.409722
