7 0.371484 0.432639 0.0164062 0.0236111
2 0.391016 0.409028 0.00703125 0.0180556
7 0.332422 0.434028 0.0210938 0.0486111
7 0.422266 0.425 0.0210938 0.025
2 0.477344 0.377778 0.009375 0.0166667
7 0.318359 0.434722 0.0242187 0.0583333
7 0.340625 0.429861 0.028125 0.0486111
2 0.476953 0.358333 0.0148437 0.025
7 0.252344 0.443056 0.0703125 0.105556
7 0.3 0.442361 0.0328125 0.0708333
2 0.832812 0.225694 0.0421875 0.0708333
7 0.0332031 0.511111 0.0664062 0.205556
7 0.192578 0.471528 0.0726563 0.109722
7 0.110156 0.490278 0.121875 0.138889
