7 0.490625 0.507639 0.009375 0.0152778
7 0.465234 0.511806 0.0101562 0.0208333
2 0.558594 0.494444 0.0046875 0.00833333
7 0.576563 0.508333 0.0109375 0.0222222
1 0.557031 0.465278 0.00625 0.0138889
7 0.459375 0.510417 0.0140625 0.0236111
7 0.471875 0.509722 0.0109375 0.0222222
1 0.476562 0.465972 0.00625 0.0152778
7 0.588281 0.510417 0.0140625 0.0263889
7 0.433594 0.509722 0.01875 0.0277778
4 0.553516 0.521528 0.00859375 0.0236111
7 0.597656 0.513889 0.0125 0.0305556
7 0.446875 0.509028 0.0140625 0.0263889
2 0.621094 0.480556 0.009375 0.0194444
7 0.250781 0.563194 0.117188 0.140278
7 0.614844 0.515972 0.0328125 0.0402778
2 0.217969 0.401389 0.028125 0.05
7 0.362891 0.553472 0.127344 0.159722
