7 0.280859 0.454861 0.0257812 0.0291667
1 0.0226563 0.395833 0.0109375 0.0194444
1 0.162109 0.36875 0.0179687 0.0291667
7 0.657812 0.446528 0.0140625 0.0180556
7 0.667188 0.445139 0.015625 0.0180556
7 0.548437 0.44375 0.0234375 0.0236111
7 0.515625 0.44375 0.025 0.0236111
1 0.290234 0.025 0.0242187 0.05
7 0.716016 0.454167 0.0164062 0.0222222
7 0.351562 0.44375 0.028125 0.0347222
7 0.610156 0.445139 0.015625 0.0208333
7 0.623047 0.444444 0.0132813 0.0194444
1 0.707422 0.369444 0.0117188 0.0277778
7 0.582812 0.444444 0.0265625 0.0222222
7 0.425391 0.443056 0.0304688 0.0333333
7 0.483203 0.445139 0.0289063 0.0263889
7 0.642969 0.446528 0.01875 0.0180556
7 0.448828 0.445139 0.0195312 0.0236111
1 0.173438 0.329167 0.0140625 0.0444444
1 0.783984 0.317361 0.0398437 0.0652778
1 0.830469 0.0638889 0.034375 0.0888889
7 0.382031 0.450694 0.0375 0.0347222
7 0.186719 0.450694 0.0515625 0.0430556
2 0.747266 0.40625 0.0132813 0.0347222
7 0.238281 0.450694 0.053125 0.0375
2 0.303906 0.372222 0.021875 0.0472222
7 0.0914062 0.453472 0.104687 0.0597222
