7 0.251563 0.546528 0.0125 0.0236111
1 0.233203 0.513889 0.00859375 0.0194444
2 0.685938 0.558333 0.0328125 0.0527778
7 0.264453 0.543056 0.0179687 0.0305556
1 0.197656 0.506944 0.009375 0.0194444
7 0.305078 0.554167 0.0257812 0.05
7 0.292578 0.55 0.0242187 0.0388889
7 0.281641 0.54375 0.0242187 0.0402778
7 0.166797 0.551389 0.0320312 0.102778
7 0.391016 0.590278 0.0710938 0.0916667
7 0.334766 0.560417 0.0492188 0.0708333
7 0.117188 0.559722 0.096875 0.166667
7 0.791016 0.76875 0.417969 0.315278
7 0.457031 0.626389 0.11875 0.136111
7 0.0652344 0.645139 0.130469 0.298611
