1 0.550781 0.229861 0.0125 0.0375
1 0.266797 0.0729167 0.0148437 0.0458333
1 0.35 0.28125 0.009375 0.0208333
1 0.529297 0.0118056 0.0148437 0.0208333
1 0.283203 0.0673611 0.0132813 0.0513889
1 0.122656 0.252778 0.0171875 0.0277778
2 0.139844 0.225694 0.021875 0.0152778
1 0.56875 0.263194 0.0140625 0.0263889
1 0.510938 0.0131944 0.01875 0.0263889
1 0.723437 0.203472 0.0109375 0.0347222
7 0.812109 0.361111 0.0992187 0.0861111
1 0.760156 0.201389 0.0265625 0.0472222
2 0.744531 0.0715278 0.0171875 0.0347222
7 0.489062 0.351389 0.025 0.0638889
7 0.348437 0.340972 0.0390625 0.0458333
3 0.636719 0.395833 0.0265625 0.15
7 0.220313 0.35 0.0640625 0.0805556
7 0.289453 0.352083 0.0726563 0.0875
7 0.431641 0.370139 0.110156 0.181944
