7 0.403125 0.50625 0.0109375 0.0319444
1 0.423438 0.465972 0.00625 0.0152778
2 0.3625 0.461806 0.009375 0.00972222
6 0.260938 0.517361 0.025 0.0319444
2 0.546875 0.4375 0.0078125 0.0138889
1 0.451953 0.459722 0.00703125 0.0194444
7 0.494141 0.518056 0.0195312 0.0416667
7 0.4875 0.513889 0.0171875 0.0361111
7 0.398438 0.506944 0.0140625 0.0388889
7 0.571094 0.559028 0.0359375 0.0930556
2 0.405859 0.467361 0.00859375 0.0152778
7 0.382422 0.506944 0.0304688 0.0611111
7 0.528516 0.530556 0.0367187 0.0694444
7 0.508594 0.525 0.0265625 0.0583333
7 0.433594 0.503472 0.0171875 0.0236111
6 0.702734 0.627778 0.152344 0.158333
3 0.105469 0.511111 0.0234375 0.0944444
2 0.228906 0.382639 0.021875 0.0791667
7 0.551172 0.539583 0.0539063 0.0791667
7 0.360547 0.520833 0.0398437 0.0861111
2 0.66875 0.425 0.021875 0.0333333
7 0.465625 0.517361 0.03125 0.0458333
2 0.821875 0.30625 0.0328125 0.0763889
2 0.669141 0.379167 0.0382813 0.0666667
7 0.637891 0.56875 0.144531 0.176389
7 0.31875 0.533333 0.08125 0.122222
