1 0.378906 0.310417 0.00625 0.0152778
3 0.690625 0.384722 0.0171875 0.116667
3 0.557031 0.343056 0.009375 0.025
3 0.653516 0.3875 0.0164062 0.102778
7 0.0164062 0.328472 0.0328125 0.0541667
1 0.391016 0.311111 0.00546875 0.0138889
1 0.335156 0.266667 0.0078125 0.0194444
1 0.405078 0.288889 0.00703125 0.0166667
7 0.386328 0.359028 0.0242187 0.0347222
3 0.680859 0.385417 0.0195312 0.120833
7 0.324219 0.352083 0.01875 0.0430556
2 0.298047 0.297222 0.00859375 0.0166667
3 0.709766 0.383333 0.0210938 0.116667
3 0.665625 0.379167 0.0140625 0.0888889
2 0.624609 0.257639 0.0148437 0.0402778
3 0.728906 0.386806 0.0171875 0.1125
7 0.947656 0.372222 0.090625 0.0777778
1 0.552734 0.285417 0.0132813 0.0263889
7 0.309375 0.352083 0.025 0.0541667
1 0.364844 0.0930556 0.015625 0.0583333
3 0.596875 0.384028 0.0171875 0.0958333
2 0.551172 0.160417 0.0226563 0.0180556
2 0.533594 0.213194 0.0109375 0.0513889
3 0.640234 0.392361 0.0226563 0.115278
2 0.883203 0.2625 0.0148437 0.0277778
3 0.6125 0.379861 0.01875 0.104167
3 0.816797 0.388194 0.0257812 0.131944
7 0.225781 0.349306 0.0421875 0.0569444
7 0.352734 0.363194 0.0476562 0.0652778
2 0.0460938 0.230556 0.021875 0.0388889
7 0.273828 0.35 0.0601562 0.0805556
7 0.469531 0.384028 0.214062 0.126389
