1 0.283594 0.452778 0.0078125 0.0166667
2 0.173047 0.399306 0.0117188 0.0347222
1 0.602734 0.359028 0.00703125 0.0347222
3 0.247266 0.507639 0.0132813 0.0680556
1 0.500391 0.436806 0.00546875 0.0125
1 0.386719 0.340972 0.009375 0.0347222
2 0.244922 0.3875 0.0226563 0.0138889
1 0.611328 0.359028 0.00859375 0.0291667
1 0.292969 0.431944 0.009375 0.025
3 0.155469 0.520139 0.0203125 0.0930556
3 0.197266 0.503472 0.0148437 0.0680556
3 0.273047 0.504861 0.0132813 0.0625
2 0.258594 0.397917 0.0203125 0.0180556
2 0.671875 0.394444 0.0171875 0.0111111
3 0.140234 0.522222 0.0195312 0.0888889
7 0.474609 0.482639 0.0445312 0.0569444
2 0.650781 0.372222 0.0390625 0.0166667
2 0.335156 0.35 0.05 0.0194444
7 0.407813 0.516667 0.090625 0.105556
7 0.576172 0.552083 0.191406 0.281944
