1 0.980469 0.409722 0.009375 0.0222222
1 0.409766 0.457639 0.00546875 0.0125
2 0.194922 0.344444 0.00859375 0.025
7 0.495313 0.490972 0.0140625 0.0263889
2 0.342578 0.48125 0.00703125 0.0125
2 0.608203 0.288889 0.0164062 0.0277778
2 0.345313 0.49375 0.009375 0.0152778
2 0.958594 0.343056 0.0203125 0.0194444
2 0.149219 0.428472 0.0125 0.0319444
7 0.0738281 0.470833 0.0382813 0.0361111
1 0.386328 0.426389 0.00703125 0.0194444
7 0.362891 0.485417 0.0226563 0.0375
7 0.436328 0.485417 0.0132813 0.0180556
2 0.872656 0.317361 0.03125 0.115278
3 0.582812 0.501389 0.0109375 0.0527778
2 0.198047 0.372917 0.0179687 0.0125
2 0.499609 0.463889 0.00859375 0.0166667
2 0.2875 0.439583 0.0109375 0.0180556
1 0.591016 0.372917 0.0132813 0.0347222
2 0.610156 0.369444 0.01875 0.0305556
2 0.341797 0.421528 0.0164062 0.0291667
7 0.511328 0.494444 0.0257812 0.0333333
1 0.627344 0.370833 0.0140625 0.0361111
1 0.991406 0.264583 0.0171875 0.0513889
2 0.260938 0.440972 0.015625 0.0236111
7 0.459375 0.490278 0.0203125 0.025
2 0.606641 0.315278 0.0257812 0.0305556
2 0.198828 0.399306 0.0179687 0.0402778
7 0.0761719 0.579167 0.150781 0.444444
7 0.390625 0.497917 0.0484375 0.0597222
