1 0.514063 0.595833 0.00625 0.0138889
7 0.694141 0.64375 0.0523437 0.0930556
7 0.550781 0.613194 0.0125 0.0180556
7 0.222266 0.640972 0.0210938 0.0430556
7 0.575781 0.61875 0.009375 0.0236111
7 0.588281 0.620833 0.0140625 0.0277778
1 0.528906 0.571528 0.00625 0.0152778
7 0.600781 0.622222 0.0203125 0.0333333
7 0.671875 0.641667 0.0453125 0.0777778
1 0.563672 0.561111 0.00703125 0.0194444
7 0.444922 0.61875 0.0148437 0.0208333
7 0.535937 0.614583 0.015625 0.0180556
7 0.0585938 0.670833 0.117188 0.133333
7 0.119922 0.650694 0.0867188 0.0847222
7 0.357031 0.625694 0.0234375 0.0347222
7 0.328906 0.627778 0.0375 0.0388889
7 0.289062 0.634028 0.0390625 0.0597222
7 0.626562 0.629167 0.0390625 0.05
2 0.696875 0.529861 0.0171875 0.0458333
7 0.401563 0.625 0.0390625 0.0416667
7 0.183594 0.640972 0.0625 0.0819444
7 0.75625 0.656944 0.123438 0.125
