2 0.699219 0.534722 0.0109375 0.0111111
7 0.605078 0.590972 0.0210938 0.0319444
7 0.640234 0.577778 0.0117188 0.0166667
7 0.551562 0.601389 0.021875 0.0333333
5 0.703516 0.58125 0.0445312 0.0375
1 0.636719 0.538194 0.0078125 0.0180556
1 0.602344 0.536806 0.0078125 0.0180556
7 0.580469 0.605556 0.03125 0.0416667
7 0.627734 0.594444 0.0210938 0.0305556
7 0.534766 0.608333 0.0195312 0.0444444
7 0.504297 0.610417 0.0476562 0.0652778
7 0.301562 0.740278 0.382812 0.35
7 0.691797 0.634722 0.0914062 0.1
7 0.857422 0.720139 0.285156 0.304167
