2 0.521484 0.0590278 0.0101562 0.0152778
7 0.955078 0.403472 0.0898438 0.245833
7 0.452734 0.139583 0.0289063 0.0291667
1 0.419141 0.0354167 0.0117188 0.0291667
1 0.460156 0.0548611 0.009375 0.0291667
1 0.260547 0.0861111 0.0101562 0.0222222
1 0.178125 0.0826389 0.0109375 0.0208333
7 0.249609 0.125 0.0398437 0.0416667
7 0.836719 0.294444 0.142188 0.258333
7 0.657031 0.194444 0.0984375 0.122222
7 0.735937 0.224306 0.139062 0.173611
7 0.554297 0.155556 0.0570313 0.0694444
2 0.312891 0.0395833 0.0226563 0.0541667
2 0.583984 0.0861111 0.0195312 0.0472222
7 0.428516 0.294444 0.202344 0.294444
