7 0.382812 0.501389 0.0296875 0.0638889
7 0.514063 0.495833 0.01875 0.0277778
7 0.489453 0.495139 0.0164062 0.0208333
7 0.474219 0.496528 0.015625 0.0236111
7 0.458984 0.490972 0.0210938 0.0402778
2 0.961328 0.46875 0.0148437 0.0680556
2 0.0550781 0.289583 0.0492188 0.0819444
7 0.441406 0.49375 0.0234375 0.0458333
7 0.424219 0.497222 0.021875 0.0444444
7 0.546875 0.495139 0.046875 0.0791667
2 0.667188 0.530556 0.0171875 0.025
7 0.353516 0.506944 0.0507812 0.075
7 0.405469 0.5 0.03125 0.0527778
7 0.272656 0.522917 0.125 0.120833
7 0.571484 0.538194 0.0914062 0.140278
