7 0.761328 0.289583 0.0117188 0.0180556
7 0.353516 0.282639 0.0335938 0.0347222
7 0.616797 0.289583 0.0257812 0.0208333
7 0.402344 0.279167 0.0265625 0.0361111
7 0.776563 0.293056 0.0203125 0.0222222
7 0.838672 0.300694 0.0195312 0.0263889
2 0.525 0.209028 0.0171875 0.0625
1 0.841406 0.122222 0.01875 0.0444444
1 0.644922 0.0805556 0.0148437 0.0527778
7 0.796875 0.3 0.025 0.0305556
7 0.433984 0.277778 0.0242187 0.0305556
7 0.305859 0.286111 0.0601562 0.0472222
7 0.674609 0.290972 0.0242187 0.0208333
7 0.708203 0.293056 0.0226563 0.025
2 0.310547 0.202083 0.0273438 0.0486111
7 0.949609 0.353472 0.0929687 0.0986111
7 0.463281 0.400694 0.203125 0.229167
