7 0.285937 0.43125 0.0140625 0.0236111
1 0.371094 0.397222 0.0046875 0.0111111
7 0.329297 0.431944 0.0164062 0.0222222
7 0.400781 0.436806 0.0140625 0.0263889
7 0.198437 0.435417 0.021875 0.0291667
7 0.417578 0.445139 0.0210938 0.0319444
5 0.462891 0.424306 0.0367187 0.0458333
7 0.309766 0.430556 0.0132813 0.0166667
7 0.246094 0.435417 0.0203125 0.0236111
7 0.375 0.44375 0.0265625 0.0402778
7 0.479297 0.452083 0.0289063 0.0319444
7 0.444141 0.458333 0.0414063 0.0527778
7 0.025 0.453472 0.05 0.0791667
7 0.164453 0.439583 0.0554687 0.0513889
5 0.519141 0.427083 0.0539063 0.0625
7 0.523047 0.495139 0.0898438 0.109722
