2 0.155469 0.192361 0.0578125 0.0402778
7 0.244922 0.508333 0.124219 0.075
1 0.353516 0.420833 0.0101562 0.0222222
7 0.618359 0.536806 0.0242187 0.0458333
1 0.767578 0.351389 0.0117188 0.05
1 0.75625 0.352083 0.0109375 0.0458333
3 0.79375 0.577083 0.028125 0.1125
1 0.116406 0.285417 0.0265625 0.0513889
3 0.352344 0.513889 0.0125 0.0638889
1 0.360547 0.330556 0.0117188 0.0444444
2 0.369531 0.361111 0.025 0.0166667
2 0.353906 0.397222 0.021875 0.0166667
7 0.970312 0.615972 0.059375 0.101389
7 0.06875 0.461111 0.1375 0.144444
7 0.483594 0.625 0.321875 0.366667
7 0.679688 0.578472 0.125 0.165278
