1 0.347656 0.465278 0.00625 0.0138889
1 0.327344 0.467361 0.00625 0.0152778
2 0.0890625 0.417361 0.0265625 0.0208333
1 0.432813 0.474306 0.00625 0.0152778
2 0.10625 0.328472 0.0203125 0.0513889
7 0.356641 0.523611 0.0273438 0.0305556
2 0.471484 0.45625 0.0101562 0.0180556
7 0.0320312 0.552083 0.0640625 0.154167
7 0.384766 0.544444 0.0320312 0.0527778
7 0.236719 0.533333 0.0484375 0.0555556
7 0.292578 0.5375 0.0570313 0.0638889
7 0.527734 0.568056 0.0695312 0.0833333
7 0.423828 0.559722 0.0601562 0.0861111
