1 0.204297 0.293056 0.0101562 0.0444444
2 0.739844 0.304167 0.0234375 0.0166667
1 0.196484 0.295833 0.0101562 0.0444444
1 0.550781 0.361806 0.0078125 0.0180556
1 0.732422 0.347917 0.00859375 0.0208333
7 0.604297 0.418056 0.0132813 0.0361111
7 0.59375 0.417361 0.0140625 0.0236111
1 0.726953 0.279861 0.0101562 0.0291667
1 0.150781 0.316667 0.0109375 0.0416667
1 0.440625 0.293056 0.0125 0.0361111
2 0.583984 0.363194 0.00703125 0.0152778
1 0.612109 0.14375 0.0164062 0.0652778
1 0.534375 0.361806 0.0078125 0.0208333
1 0.638672 0.140278 0.0148437 0.0583333
2 0.995313 0.186111 0.009375 0.0305556
1 0.746094 0.345833 0.0109375 0.0222222
1 0.975 0.269444 0.015625 0.0388889
7 0.45625 0.433333 0.028125 0.0361111
7 0.621484 0.423611 0.0289063 0.0416667
7 0.424609 0.441667 0.0289063 0.0416667
7 0.332031 0.465278 0.0609375 0.0722222
2 0.44375 0.36875 0.015625 0.0319444
2 0.442187 0.332639 0.0234375 0.0375
7 0.393359 0.453472 0.0414063 0.0513889
7 0.945703 0.510417 0.108594 0.284722
7 0.174609 0.559722 0.349219 0.369444
7 0.757422 0.499306 0.128906 0.145833
7 0.503125 0.496528 0.0984375 0.143056
