1 0.261719 0.0583333 0.01875 0.0777778
5 0.569922 0.41875 0.0164062 0.0291667
1 0.557813 0.403472 0.00625 0.0125
7 0.485938 0.456944 0.021875 0.0361111
7 0.528906 0.447917 0.01875 0.0291667
1 0.545313 0.398611 0.00625 0.0166667
2 0.728906 0.317361 0.0203125 0.0180556
1 0.614062 0.186806 0.015625 0.0513889
7 0.394141 0.472222 0.0382813 0.0777778
1 0.241016 0.0597222 0.0195312 0.0694444
1 0.267188 0.395139 0.015625 0.0263889
7 0.592578 0.448611 0.0226563 0.0388889
2 0.280078 0.367361 0.0257812 0.0208333
7 0.623047 0.463194 0.0273438 0.0625
2 0.268359 0.330556 0.0226563 0.0166667
1 0.594531 0.181944 0.015625 0.0583333
7 0.508203 0.452083 0.0273438 0.0375
7 0.644531 0.467361 0.0453125 0.0763889
1 0.983984 0.228472 0.0257812 0.0597222
7 0.934766 0.575694 0.130469 0.476389
7 0.0234375 0.538194 0.046875 0.0986111
7 0.692187 0.48125 0.084375 0.140278
7 0.555469 0.471528 0.0515625 0.0819444
7 0.445312 0.478472 0.08125 0.1125
7 0.763281 0.511806 0.164062 0.181944
7 0.3 0.538889 0.203125 0.244444
