7 0.520312 0.356944 0.0109375 0.0138889
7 0.502734 0.364583 0.0117188 0.0208333
7 0.548437 0.347222 0.0125 0.0166667
7 0.485156 0.372222 0.0203125 0.0305556
7 0.601562 0.354167 0.0171875 0.0555556
7 0.571484 0.345833 0.0117188 0.0305556
7 0.615625 0.359028 0.0265625 0.0597222
2 0.933594 0.222222 0.03125 0.0361111
7 0.63125 0.364583 0.0265625 0.0708333
7 0.471484 0.383333 0.0226563 0.0361111
7 0.586719 0.345833 0.0265625 0.0416667
7 0.451953 0.396528 0.0242187 0.0375
7 0.670703 0.365972 0.0820312 0.101389
7 0.402734 0.425694 0.0460938 0.0597222
7 0.0839844 0.594444 0.166406 0.263889
7 0.427344 0.404861 0.034375 0.0541667
7 0.333984 0.463889 0.0804688 0.108333
