7 0.504687 0.413194 0.0234375 0.0375
1 0.473437 0.363889 0.00625 0.0194444
7 0.244922 0.429167 0.0382813 0.0416667
1 0.795703 0.388889 0.0148437 0.025
7 0.475391 0.406944 0.0242187 0.0361111
7 0.317187 0.420139 0.028125 0.0291667
7 0.112891 0.447917 0.0648438 0.0597222
1 0.775781 0.301389 0.0140625 0.0305556
1 0.612109 0.0368056 0.0226563 0.0680556
7 0.600391 0.427083 0.0335938 0.0652778
1 0.115625 0.263194 0.025 0.0486111
7 0.0542969 0.45 0.0679687 0.0583333
7 0.582031 0.421528 0.0328125 0.0597222
7 0.2 0.439583 0.0453125 0.0375
1 0.798047 0.3 0.0226563 0.0416667
7 0.0492188 0.578472 0.0984375 0.295833
7 0.392578 0.424306 0.0414063 0.0541667
7 0.4375 0.425 0.0515625 0.0888889
7 0.539453 0.414583 0.0460938 0.0625
7 0.65 0.440278 0.0921875 0.102778
2 0.694922 0.08125 0.110156 0.0513889
