1 0.471484 0.604861 0.00546875 0.0125
1 0.657031 0.565278 0.025 0.0222222
1 0.650391 0.531944 0.0117188 0.0333333
1 0.248828 0.445139 0.0132813 0.0402778
7 0.507422 0.644444 0.0101562 0.0138889
1 0.221094 0.55 0.0078125 0.025
1 0.368359 0.385417 0.0117188 0.0569444
1 0.393359 0.384722 0.0101562 0.05
1 0.381641 0.384028 0.0132813 0.0569444
1 0.206641 0.552778 0.0117188 0.0222222
2 0.285547 0.416667 0.0304688 0.0416667
1 0.615625 0.202778 0.0234375 0.0972222
5 0.491797 0.633333 0.0210938 0.0444444
1 0.591406 0.203472 0.021875 0.0847222
2 0.751562 0.166667 0.148438 0.0638889
2 0.328516 0.385417 0.0695312 0.0291667
7 0.558594 0.647917 0.040625 0.0597222
