7 0.496875 0.319444 0.0109375 0.0166667
2 0.566797 0.215972 0.0117188 0.0152778
7 0.489062 0.321528 0.0125 0.0208333
7 0.477734 0.325 0.0148437 0.025
7 0.471484 0.325 0.0148437 0.0277778
7 0.483984 0.323611 0.0132813 0.0222222
7 0.466016 0.325694 0.0132813 0.0319444
7 0.517187 0.319444 0.0171875 0.025
2 0.575391 0.178472 0.0242187 0.0152778
7 0.455859 0.325694 0.0148437 0.0319444
2 0.397266 0.252778 0.0132813 0.0138889
1 0.497656 0.269444 0.0078125 0.0166667
1 0.517969 0.276389 0.0078125 0.0166667
7 0.532031 0.316667 0.0109375 0.0194444
2 0.384375 0.260417 0.015625 0.0125
7 0.761719 0.309722 0.053125 0.105556
3 0.725781 0.330556 0.028125 0.133333
7 0.399219 0.332639 0.0265625 0.0458333
7 0.439844 0.329167 0.0296875 0.0388889
7 0.366797 0.333333 0.0523437 0.0611111
7 0.273828 0.333333 0.100781 0.116667
7 0.145313 0.353472 0.165625 0.151389
