7 0.3 0.334028 0.025 0.0513889
1 0.194531 0.127778 0.0109375 0.0472222
7 0.383984 0.307639 0.0132813 0.0152778
7 0.364062 0.309722 0.0109375 0.0194444
7 0.353125 0.309722 0.0125 0.0222222
1 0.416797 0.289583 0.00546875 0.0125
7 0.345703 0.311806 0.0117188 0.0291667
7 0.455078 0.305556 0.0148437 0.0277778
2 0.289844 0.275 0.0125 0.0194444
1 0.208203 0.13125 0.0132813 0.0513889
1 0.465625 0.19375 0.0109375 0.0430556
1 0.454688 0.194444 0.009375 0.0388889
2 0.289453 0.249306 0.0117188 0.0319444
7 0.287891 0.338194 0.0414063 0.0541667
7 0.464453 0.314583 0.0210938 0.0319444
7 0.480078 0.33125 0.0304688 0.0486111
2 0.542578 0.2625 0.0179687 0.0138889
2 0.190625 0.265972 0.0203125 0.0152778
7 0.327734 0.313889 0.0320312 0.0444444
7 0.501953 0.349306 0.0429688 0.0597222
7 0.255078 0.358333 0.0492188 0.0666667
