2 0.378516 0.4375 0.00703125 0.0111111
0 0.546094 0.507639 0.0859375 0.140278
2 0.737891 0.09375 0.0164062 0.0291667
1 0.750781 0.423611 0.0078125 0.0166667
1 0.398047 0.399306 0.00859375 0.0263889
1 0.301562 0.40625 0.0125 0.0263889
7 0.464453 0.509028 0.0242187 0.0486111
7 0.480859 0.50625 0.0257812 0.0402778
1 0.738281 0.175 0.0171875 0.0333333
1 0.787109 0.430556 0.00859375 0.0194444
7 0.546094 0.509028 0.0859375 0.140278
7 0.971875 0.472222 0.046875 0.0444444
7 0.499219 0.510417 0.021875 0.0541667
7 0.236328 0.536111 0.0257812 0.05
2 0.592969 0.425 0.0125 0.0305556
2 0.298828 0.333333 0.0164062 0.0277778
7 0.913672 0.474306 0.0351562 0.0458333
7 0.128125 0.536111 0.071875 0.0444444
7 0.869922 0.476389 0.0820312 0.0527778
7 0.046875 0.566667 0.09375 0.119444
7 0.351562 0.638889 0.309375 0.4
