1 0.466406 0.415278 0.00625 0.0138889
1 0.542578 0.380556 0.00703125 0.0166667
7 0.486328 0.480556 0.0195312 0.0305556
1 0.371484 0.384028 0.00703125 0.0180556
1 0.508984 0.415278 0.00703125 0.0166667
1 0.433984 0.40625 0.00703125 0.0152778
1 0.442187 0.375 0.009375 0.0222222
7 0.353906 0.488194 0.0234375 0.0708333
7 0.398438 0.472917 0.0296875 0.0430556
7 0.4625 0.482639 0.034375 0.0402778
7 0.3125 0.484722 0.078125 0.127778
7 0.235938 0.508333 0.129688 0.15
7 0.56875 0.536111 0.173438 0.252778
