2 0.805078 0.323611 0.0226563 0.0277778
7 0.246094 0.421528 0.0171875 0.0263889
7 0.141016 0.436806 0.0367187 0.0430556
2 0.1625 0.334722 0.0234375 0.0472222
7 0.454297 0.445833 0.0148437 0.0305556
7 0.339453 0.436111 0.0195312 0.0361111
7 0.445703 0.442361 0.0117188 0.0236111
7 0.466406 0.447222 0.0171875 0.0333333
7 0.497266 0.454167 0.0210938 0.0416667
7 0.481641 0.452083 0.0179687 0.0347222
7 0.514453 0.459028 0.0242187 0.0402778
7 0.183594 0.434028 0.0359375 0.0430556
7 0.559375 0.4625 0.0390625 0.0611111
7 0.660547 0.49375 0.0632813 0.0958333
7 0.533203 0.463889 0.0289063 0.0472222
7 0.303516 0.438889 0.0554687 0.0555556
7 0.580469 0.472917 0.04375 0.0625
7 0.221094 0.438889 0.040625 0.0444444
7 0.0847656 0.447917 0.0773437 0.0736111
7 0.617188 0.484028 0.0578125 0.0819444
7 0.0214844 0.44375 0.0429688 0.0736111
2 0.163281 0.259722 0.028125 0.0527778
7 0.750781 0.509028 0.140625 0.140278
7 0.411719 0.459028 0.0546875 0.0847222
7 0.899219 0.544444 0.2 0.238889
