7 0.347266 0.336111 0.0164062 0.0138889
2 0.672266 0.247917 0.0210938 0.0208333
3 0.700391 0.438194 0.0257812 0.126389
1 0.282422 0.254861 0.00859375 0.0236111
1 0.362109 0.261806 0.0101562 0.0208333
7 0.226172 0.334028 0.0492188 0.0541667
1 0.630469 0.0173611 0.0203125 0.0319444
2 0.519141 0.274306 0.0132813 0.0180556
1 0.672266 0.314583 0.0179687 0.0319444
1 0.607813 0.0180556 0.0234375 0.0361111
7 0.294531 0.330556 0.034375 0.0388889
7 0.151953 0.347917 0.0476562 0.0458333
2 0.657812 0.217361 0.0296875 0.0513889
7 0.0839844 0.505556 0.166406 0.397222
7 0.930859 0.459028 0.138281 0.134722
