2 0.0546875 0.335417 0.0328125 0.120833
1 0.560938 0.411806 0.0078125 0.0180556
7 0.426953 0.434722 0.0101562 0.0222222
1 0.421094 0.382639 0.00625 0.0152778
1 0.447266 0.386806 0.00546875 0.0152778
4 0.678125 0.520139 0.021875 0.0486111
1 0.514063 0.325 0.009375 0.0277778
7 0.467578 0.441667 0.0195312 0.025
1 0.453906 0.279861 0.009375 0.0375
2 0.646484 0.326389 0.0195312 0.0138889
1 0.442578 0.28125 0.0101562 0.0347222
2 0.564844 0.372222 0.015625 0.0111111
1 0.356641 0.369444 0.0101562 0.0222222
7 0.453516 0.434722 0.0132813 0.0194444
1 0.655078 0.409028 0.0164062 0.0263889
3 0.305859 0.447917 0.0179687 0.109722
7 0.690625 0.495833 0.046875 0.0444444
2 0.682422 0.385417 0.0164062 0.0486111
7 0.438672 0.438194 0.0195312 0.0319444
2 0.351953 0.31875 0.0242187 0.0180556
2 0.644531 0.386111 0.025 0.0194444
7 0.383984 0.464583 0.0882813 0.1375
7 0.627734 0.508333 0.0867188 0.1
