1 0.414844 0.396528 0.0078125 0.0152778
2 0.494531 0.385417 0.015625 0.00972222
7 0.466406 0.425 0.0109375 0.0138889
1 0.454688 0.390278 0.0078125 0.0166667
1 0.480078 0.384722 0.00703125 0.0138889
7 0.806641 0.481944 0.164844 0.197222
7 0.478125 0.425 0.0125 0.0166667
2 0.542188 0.386806 0.009375 0.0180556
7 0.726172 0.457639 0.0867188 0.134722
7 0.532812 0.429861 0.025 0.0319444
2 0.435547 0.298611 0.0226563 0.0305556
7 0.495703 0.430556 0.0210938 0.0333333
7 0.660937 0.442361 0.0796875 0.109722
7 0.580078 0.434028 0.0429688 0.0597222
