7 0.153906 0.29375 0.05625 0.0458333
7 0.01875 0.292361 0.0375 0.0402778
2 0.572656 0.19375 0.0109375 0.0263889
7 0.111328 0.296528 0.0476562 0.0402778
7 0.383594 0.270833 0.0234375 0.0333333
3 0.626172 0.24375 0.0195312 0.0847222
2 0.5125 0.204167 0.0109375 0.0166667
1 0.471875 0.192361 0.009375 0.0208333
7 0.0621094 0.301389 0.0695312 0.0611111
7 0.213672 0.301389 0.0804688 0.0861111
5 0.435547 0.231944 0.0570313 0.125
7 0.490234 0.293056 0.0726563 0.102778
7 0.312109 0.314583 0.125781 0.148611
