7 0.700781 0.442361 0.0234375 0.0208333
7 0.502344 0.44375 0.0109375 0.0208333
7 0.780859 0.44375 0.0242187 0.0263889
7 0.323047 0.451389 0.0179687 0.0277778
7 0.754297 0.443056 0.0382813 0.0277778
7 0.804688 0.445139 0.025 0.0236111
7 0.380469 0.447222 0.0125 0.0194444
1 0.501562 0.402083 0.00625 0.0152778
7 0.411328 0.45 0.0179687 0.0194444
1 0.25 0.150694 0.025 0.0736111
2 0.833203 0.251389 0.0242187 0.0194444
3 0.292188 0.477083 0.021875 0.104167
7 0.725 0.440972 0.03125 0.0236111
2 0.270312 0.207639 0.01875 0.0652778
2 0.567969 0.422917 0.0078125 0.0152778
2 0.830859 0.302083 0.0148437 0.0291667
1 0.842969 0.347222 0.01875 0.0305556
7 0.515625 0.461111 0.021875 0.0555556
1 0.714063 0.102083 0.021875 0.0958333
7 0.35625 0.45625 0.0328125 0.0347222
7 0.0988281 0.470139 0.0445312 0.0569444
2 0.819531 0.336111 0.0265625 0.0361111
1 0.280859 0.316667 0.0148437 0.0416667
7 0.848047 0.663194 0.303906 0.501389
7 0.040625 0.472222 0.08125 0.0805556
7 0.234766 0.472222 0.0835937 0.0833333
2 0.258984 0.281944 0.0289063 0.0555556
7 0.145703 0.474306 0.0820312 0.0791667
7 0.554297 0.475 0.0726563 0.102778
7 0.460938 0.479861 0.0890625 0.140278
