1 0.271875 0.294444 0.015625 0.0416667
1 0.590625 0.39375 0.009375 0.0180556
2 0.0488281 0.40625 0.0117188 0.0236111
1 0.278125 0.292361 0.0109375 0.0430556
2 0.480859 0.390278 0.00859375 0.0138889
7 0.358203 0.417361 0.0148437 0.0208333
1 0.378125 0.381944 0.00625 0.0138889
7 0.0597656 0.45 0.0351562 0.0388889
7 0.164453 0.428472 0.0195312 0.0291667
1 0.180859 0.382639 0.0101562 0.0208333
2 0.422656 0.395833 0.00625 0.0166667
1 0.0515625 0.309028 0.0109375 0.0402778
7 0.405469 0.432639 0.01875 0.0236111
1 0.642969 0.360417 0.015625 0.0236111
1 0.0535156 0.379861 0.0117188 0.0208333
7 0.0222656 0.444444 0.0429688 0.0472222
1 0.589063 0.330556 0.009375 0.0305556
1 0.645703 0.266667 0.0148437 0.0583333
2 0.435156 0.399306 0.00625 0.0152778
7 0.147656 0.43125 0.025 0.0319444
7 0.0875 0.438889 0.0359375 0.0416667
1 0.619922 0.267361 0.0148437 0.0513889
1 0.492578 0.196528 0.0148437 0.0680556
7 0.120312 0.436806 0.0328125 0.0347222
1 0.476562 0.195139 0.015625 0.0625
7 0.369531 0.4375 0.0203125 0.0333333
7 0.33125 0.4625 0.065625 0.102778
