7 0.490234 0.540972 0.0195312 0.0291667
7 0.525781 0.522917 0.0234375 0.0180556
2 0.712109 0.459028 0.0195312 0.0541667
7 0.484375 0.546528 0.0234375 0.0347222
7 0.505469 0.525694 0.015625 0.0263889
2 0.380859 0.502778 0.0101562 0.0138889
7 0.496875 0.53125 0.01875 0.0291667
2 0.376953 0.484722 0.0164062 0.0138889
7 0.557813 0.520139 0.03125 0.0208333
2 0.733594 0.525694 0.0171875 0.0263889
7 0.572656 0.535417 0.0265625 0.0263889
7 0.548047 0.532639 0.0179687 0.0236111
7 0.46875 0.560417 0.03125 0.0430556
7 0.688672 0.75625 0.502344 0.406944
7 0.128125 0.670833 0.25625 0.291667
7 0.933984 0.765278 0.132031 0.458333
7 0.354688 0.602778 0.145313 0.166667
7 0.270703 0.617361 0.149219 0.1875
