1 0.226562 0.436111 0.01875 0.0333333
1 0.422656 0.206944 0.0203125 0.0777778
1 0.839063 0.452778 0.0171875 0.0333333
2 0.400391 0.209028 0.0210938 0.0708333
2 0.218359 0.40625 0.0195312 0.0263889
1 0.400781 0.209722 0.0203125 0.0722222
7 0.695312 0.565972 0.0484375 0.0597222
1 0.86875 0.452778 0.021875 0.0388889
2 0.873438 0.340972 0.0359375 0.0208333
2 0.373828 0.207639 0.0210938 0.0486111
2 0.209766 0.360417 0.0226563 0.0597222
1 0.833203 0.2625 0.0210938 0.0861111
7 0.803125 0.568056 0.0734375 0.0583333
