7 0.498437 0.352778 0.0125 0.0222222
7 0.426953 0.361806 0.0117188 0.0208333
7 0.529688 0.354167 0.0125 0.0222222
2 0.592969 0.275 0.009375 0.00833333
7 0.416406 0.363194 0.0125 0.0263889
2 0.621484 0.290972 0.0179687 0.0125
7 0.542578 0.361111 0.0195312 0.0277778
7 0.448828 0.359028 0.0210938 0.0263889
2 0.587891 0.286806 0.0132813 0.00972222
1 0.375781 0.247222 0.0078125 0.0305556
7 0.694141 0.385417 0.0585938 0.0902778
1 0.383203 0.247917 0.00703125 0.0263889
7 0.623438 0.372917 0.0375 0.0652778
2 0.337891 0.25625 0.0320312 0.0152778
7 0.658984 0.375694 0.0585938 0.0791667
7 0.509375 0.357639 0.0203125 0.0291667
2 0.569531 0.275694 0.025 0.0125
7 0.602344 0.366667 0.04375 0.0638889
7 0.483203 0.361111 0.0210938 0.0333333
7 0.760156 0.399306 0.120312 0.120833
7 0.0785156 0.452083 0.153906 0.1375
7 0.173828 0.427778 0.0882813 0.0972222
7 0.896875 0.425694 0.204688 0.181944
