7 0.428125 0.517361 0.0109375 0.0152778
7 0.534766 0.51875 0.0101562 0.0208333
1 0.523047 0.493056 0.00546875 0.0138889
7 0.377344 0.516667 0.0171875 0.0166667
7 0.489453 0.519444 0.0101562 0.0166667
1 0.325 0.374306 0.0125 0.0513889
7 0.546484 0.518056 0.0117188 0.025
1 0.49375 0.502083 0.00625 0.0125
7 0.479297 0.521528 0.0117188 0.0208333
7 0.363281 0.518056 0.0125 0.0222222
7 0.405078 0.516667 0.0117188 0.0138889
7 0.316406 0.518056 0.015625 0.0277778
1 0.654297 0.116667 0.0164062 0.05
7 0.351953 0.51875 0.0132813 0.0263889
7 0.335547 0.51875 0.0226563 0.0319444
1 0.746875 0.413889 0.01875 0.0388889
7 0.510938 0.522917 0.0109375 0.0152778
7 0.11875 0.534028 0.05625 0.0569444
7 0.299219 0.515972 0.021875 0.0319444
7 0.564453 0.517361 0.0289063 0.0458333
2 0.4375 0.426389 0.0125 0.0333333
7 0.192188 0.523611 0.059375 0.0638889
7 0.270703 0.520139 0.0398437 0.0430556
7 0.0222656 0.541667 0.0445312 0.0888889
7 0.591016 0.534722 0.0414063 0.0611111
2 0.326562 0.432639 0.021875 0.0402778
2 0.69375 0.233333 0.0984375 0.0361111
