7 0.467578 0.476389 0.0210938 0.0444444
7 0.479297 0.473611 0.0195312 0.0444444
1 0.565625 0.370833 0.009375 0.0222222
2 0.418359 0.346528 0.0179687 0.0263889
2 0.408594 0.402778 0.0109375 0.0166667
2 0.476172 0.422222 0.0148437 0.0277778
7 0.501562 0.454861 0.034375 0.0291667
7 0.497656 0.475 0.028125 0.0444444
7 0.441406 0.475 0.0453125 0.05
7 0.305469 0.485417 0.096875 0.126389
7 0.364062 0.470833 0.075 0.111111
7 0.891797 0.600694 0.214844 0.373611
7 0.608984 0.482639 0.0960938 0.1375
7 0.745703 0.547222 0.241406 0.261111
7 0.196094 0.507639 0.201562 0.209722
