7 0.422266 0.38125 0.0132813 0.0263889
7 0.416016 0.379861 0.0132813 0.0236111
7 0.371484 0.382639 0.0132813 0.0263889
7 0.359375 0.39375 0.0203125 0.0486111
7 0.430859 0.384028 0.0179687 0.0319444
7 0.409375 0.378472 0.009375 0.0208333
1 0.403125 0.352778 0.00625 0.0138889
7 0.445703 0.3875 0.0226563 0.0416667
7 0.496484 0.406944 0.0304688 0.0722222
7 0.4625 0.394444 0.025 0.0472222
2 0.428516 0.355556 0.00703125 0.0194444
7 0.483203 0.399306 0.0335938 0.0652778
7 0.519922 0.4125 0.0414063 0.0888889
7 0.344922 0.408333 0.0289063 0.075
2 0.775 0.259028 0.0296875 0.0708333
2 0.775781 0.192361 0.0296875 0.0652778
2 0.13125 0.247917 0.0375 0.0736111
2 0.773828 0.424306 0.0210938 0.0375
2 0.127734 0.175694 0.0335938 0.0736111
7 0.307422 0.422917 0.0851562 0.109722
7 0.568359 0.425 0.0929687 0.111111
