7 0.470313 0.475 0.0125 0.0305556
1 0.421484 0.452778 0.00546875 0.0138889
7 0.465625 0.475694 0.0109375 0.0263889
1 0.223438 0.367361 0.009375 0.0236111
1 0.583594 0.373611 0.0109375 0.025
7 0.354297 0.463194 0.0257812 0.0569444
1 0.213281 0.368056 0.0125 0.025
1 0.597656 0.372917 0.0140625 0.0291667
1 0.245703 0.127778 0.0164062 0.0666667
1 0.428516 0.200694 0.0132813 0.0597222
1 0.267578 0.127083 0.0164062 0.0597222
7 0.442578 0.474306 0.0210938 0.0263889
1 0.443359 0.209722 0.0132813 0.0666667
2 0.228125 0.321528 0.028125 0.0180556
2 0.577734 0.34375 0.0273438 0.0208333
7 0.490625 0.473611 0.0328125 0.0444444
7 0.390234 0.470833 0.0414063 0.0444444
1 0.733203 0.282639 0.0335938 0.0486111
7 0.330078 0.465972 0.0429688 0.0652778
7 0.847656 0.636111 0.304688 0.519444
7 0.687109 0.510417 0.214844 0.256944
