7 0.358984 0.392361 0.0148437 0.0597222
1 0.544141 0.313194 0.0101562 0.0152778
1 0.571094 0.289583 0.0140625 0.0263889
1 0.435156 0.327083 0.00625 0.0180556
1 0.442969 0.223611 0.0109375 0.0416667
4 0.728906 0.455556 0.025 0.075
1 0.272656 0.357639 0.0140625 0.0180556
2 0.541016 0.281944 0.0132813 0.0111111
1 0.453125 0.225694 0.009375 0.0347222
1 0.325781 0.223611 0.009375 0.0388889
2 0.533594 0.29375 0.0171875 0.0125
1 0.315234 0.223611 0.0101562 0.0416667
2 0.155078 0.311111 0.0226563 0.0194444
2 0.556641 0.236111 0.0273438 0.0194444
7 0.330078 0.391667 0.0492188 0.0833333
7 0.396875 0.395833 0.0703125 0.102778
7 0.153516 0.432639 0.117969 0.134722
7 0.0566406 0.465278 0.113281 0.152778
7 0.537109 0.459722 0.197656 0.288889
