7 0.501953 0.5625 0.0101562 0.0222222
7 0.541406 0.569444 0.0140625 0.0277778
7 0.546484 0.570833 0.0164062 0.0333333
2 0.633594 0.465278 0.0078125 0.0166667
7 0.535547 0.565972 0.0117188 0.0236111
7 0.496484 0.567361 0.0117188 0.0236111
7 0.551953 0.571528 0.0148437 0.0375
7 0.486719 0.572222 0.015625 0.0305556
1 0.526953 0.522917 0.00703125 0.0152778
7 0.475 0.575 0.01875 0.0388889
7 0.439844 0.585417 0.040625 0.0569444
7 0.446875 0.564583 0.05 0.0791667
7 0.401953 0.6 0.0664062 0.0861111
7 0.579687 0.56875 0.0484375 0.0763889
7 0.334766 0.630556 0.113281 0.141667
7 0.742578 0.620833 0.188281 0.216667
7 0.194922 0.680556 0.271094 0.247222
