7 0.409766 0.530556 0.0132813 0.0166667
2 0.373437 0.486806 0.009375 0.0152778
2 0.338672 0.488194 0.0132813 0.00972222
7 0.385547 0.530556 0.0148437 0.0222222
7 0.398828 0.529861 0.0132813 0.0208333
1 0.45625 0.504167 0.0078125 0.0111111
1 0.383594 0.420833 0.009375 0.0194444
1 0.429688 0.484722 0.0078125 0.0111111
1 0.482422 0.41875 0.0101562 0.0236111
7 0.368359 0.531944 0.0257812 0.0277778
1 0.328906 0.495139 0.0109375 0.0152778
2 0.519531 0.497917 0.009375 0.0180556
7 0.305469 0.549306 0.0546875 0.0597222
5 0.583984 0.497917 0.107031 0.143056
