7 0.531641 0.498611 0.0117188 0.0166667
7 0.485156 0.509722 0.0171875 0.0361111
2 0.916797 0.375694 0.0242187 0.0486111
1 0.498437 0.460417 0.00625 0.0125
2 0.398828 0.422222 0.0117188 0.0111111
2 0.332422 0.452083 0.0132813 0.0236111
1 0.449609 0.429861 0.00703125 0.0180556
1 0.398438 0.461806 0.009375 0.0208333
7 0.511328 0.508333 0.0148437 0.0222222
2 0.658203 0.406944 0.0148437 0.0111111
7 0.575 0.504861 0.028125 0.0569444
2 0.658594 0.373611 0.0125 0.0333333
7 0.547656 0.513889 0.03125 0.0444444
2 0.914453 0.263194 0.0382813 0.0680556
7 0.216016 0.546528 0.133594 0.126389
7 0.765234 0.535417 0.0648438 0.0875
7 0.121094 0.569444 0.151562 0.127778
7 0.0816406 0.680556 0.163281 0.372222
7 0.303516 0.536111 0.0804688 0.0888889
7 0.844531 0.547917 0.128125 0.118056
7 0.432422 0.5625 0.124219 0.166667
7 0.651172 0.545833 0.166406 0.230556
