7 0.866406 0.617361 0.0359375 0.0319444
1 0.139844 0.423611 0.0109375 0.0222222
2 0.139453 0.409722 0.0101562 0.0138889
7 0.489062 0.584722 0.0625 0.0583333
1 0.612109 0.507639 0.00859375 0.0291667
7 0.641016 0.596528 0.0445312 0.0513889
2 0.485156 0.293056 0.0140625 0.025
1 0.483984 0.333333 0.0164062 0.0555556
7 0.414062 0.58125 0.034375 0.0319444
2 0.140625 0.254167 0.0140625 0.0222222
1 0.139453 0.294444 0.0148437 0.0611111
2 0.574219 0.515278 0.0171875 0.0277778
2 0.949219 0.560417 0.0328125 0.0236111
2 0.948828 0.527778 0.0335938 0.0416667
7 0.328516 0.586806 0.0976562 0.123611
7 0.135156 0.597917 0.253125 0.245833
