1 0.605078 0.429167 0.00703125 0.0138889
2 0.495313 0.456944 0.0125 0.0166667
2 0.4375 0.483333 0.00625 0.0222222
2 0.541797 0.458333 0.0132813 0.0166667
2 0.995313 0.475 0.009375 0.0472222
2 0.537891 0.484722 0.00703125 0.0222222
1 0.414062 0.497222 0.00625 0.0138889
2 0.328125 0.441667 0.0265625 0.0222222
1 0.372266 0.422917 0.00703125 0.0152778
1 0.384375 0.497222 0.00625 0.0138889
2 0.445312 0.481944 0.0078125 0.0222222
7 0.776172 0.521528 0.0445312 0.0319444
2 0.492578 0.485417 0.00859375 0.0208333
1 0.370313 0.496528 0.00625 0.0152778
1 0.741797 0.207639 0.0179687 0.0736111
2 0.397656 0.484028 0.0078125 0.0208333
2 0.304297 0.454167 0.0132813 0.0166667
2 0.401172 0.454861 0.0132813 0.0180556
2 0.599609 0.489583 0.0101562 0.0236111
7 0.616797 0.513194 0.0210938 0.0236111
2 0.353125 0.454861 0.0140625 0.0152778
2 0.479688 0.483333 0.0078125 0.0222222
2 0.560938 0.486806 0.009375 0.0180556
2 0.520312 0.484722 0.0078125 0.0222222
2 0.448438 0.45625 0.0140625 0.0180556
1 0.914844 0.229167 0.0203125 0.0833333
1 0.217578 0.15 0.0257812 0.0972222
7 0.867188 0.528472 0.0546875 0.0402778
2 0.951563 0.469444 0.0328125 0.0555556
1 0.45 0.177778 0.021875 0.0972222
7 0.943359 0.533333 0.0648438 0.0444444
2 0.0433594 0.445139 0.0289063 0.0680556
