7 0.285937 0.467361 0.08125 0.0736111
1 0.901563 0.222222 0.0109375 0.0444444
1 0.888281 0.225 0.0125 0.05
1 0.546875 0.161806 0.009375 0.0569444
1 0.230859 0.361806 0.0179687 0.0319444
1 0.254297 0.3625 0.0164062 0.0333333
1 0.875781 0.226389 0.0125 0.05
1 0.556641 0.158333 0.0132813 0.0638889
1 0.572656 0.15625 0.0171875 0.0625
7 0.694141 0.479861 0.0382813 0.0597222
2 0.248047 0.265972 0.0304688 0.0819444
7 0.891016 0.522222 0.216406 0.377778
7 0.381641 0.467361 0.110156 0.0930556
7 0.746094 0.495833 0.0828125 0.108333
7 0.192188 0.529167 0.226562 0.152778
7 0.0421875 0.522222 0.084375 0.205556
7 0.596875 0.523611 0.192188 0.280556
