7 0.628516 0.480556 0.0132813 0.0166667
7 0.665234 0.482639 0.0132813 0.0152778
7 0.658594 0.482639 0.015625 0.0152778
7 0.640625 0.48125 0.0140625 0.0152778
1 0.637891 0.447222 0.00703125 0.0138889
7 0.676562 0.484028 0.0125 0.0152778
7 0.685547 0.49375 0.0117188 0.0236111
7 0.620703 0.490278 0.0148437 0.0361111
7 0.729688 0.515278 0.034375 0.0638889
7 0.695703 0.499306 0.0164062 0.0319444
1 0.692969 0.452778 0.009375 0.0194444
7 0.609375 0.492361 0.021875 0.0458333
7 0.569531 0.502083 0.028125 0.0791667
7 0.589844 0.497222 0.0359375 0.0527778
7 0.550391 0.500694 0.0367187 0.0958333
7 0.717578 0.50625 0.0367187 0.0569444
7 0.758984 0.529167 0.0617188 0.0833333
2 0.976172 0.309028 0.0351562 0.0402778
7 0.505469 0.505556 0.09375 0.147222
7 0.418359 0.511111 0.160156 0.208333
7 0.246094 0.559028 0.340625 0.265278
7 0.887891 0.554167 0.221094 0.277778
