1 0.53125 0.273611 0.0046875 0.0111111
7 0.576563 0.305556 0.0125 0.0138889
7 0.539062 0.302778 0.0109375 0.0166667
7 0.5625 0.304861 0.009375 0.0180556
1 0.566797 0.25 0.00546875 0.0138889
2 0.446875 0.245139 0.00625 0.0152778
2 0.592188 0.255556 0.00625 0.0138889
2 0.586719 0.268056 0.00625 0.0166667
2 0.530078 0.217361 0.00859375 0.0125
2 0.604297 0.222222 0.00859375 0.0166667
7 0.521484 0.304861 0.0242187 0.0319444
2 0.606641 0.249306 0.00703125 0.0180556
2 0.650391 0.2625 0.0164062 0.0194444
7 0.551953 0.309722 0.0179687 0.0277778
2 0.625391 0.270833 0.0148437 0.0194444
7 0.473437 0.333333 0.0953125 0.133333
