7 0.548437 0.367361 0.0109375 0.0208333
7 0.501172 0.36875 0.0210938 0.0263889
1 0.561328 0.0569444 0.0164062 0.0694444
7 0.535156 0.365972 0.015625 0.0208333
7 0.558203 0.372917 0.0132813 0.0291667
1 0.5375 0.338889 0.00625 0.0138889
2 0.732422 0.0395833 0.0304688 0.0208333
7 0.450781 0.375 0.01875 0.0277778
7 0.467187 0.372917 0.0125 0.0208333
1 0.544141 0.0520833 0.0164062 0.0763889
1 0.725391 0.264583 0.0101562 0.0319444
7 0.421094 0.390278 0.0390625 0.0472222
7 0.323438 0.404167 0.0421875 0.0583333
2 0.641797 0.284722 0.0117188 0.0305556
1 0.755078 0.259028 0.0195312 0.0375
2 0.751953 0.160417 0.0320312 0.0208333
7 0.260156 0.414583 0.05 0.0597222
7 0.374609 0.399306 0.0554687 0.0708333
2 0.733594 0.0840278 0.03125 0.0652778
7 0.578125 0.377778 0.0328125 0.0416667
7 0.690234 0.356944 0.0695312 0.0583333
7 0.192188 0.430556 0.096875 0.0944444
