2 0.330469 0.4375 0.121875 0.0666667
2 0.569922 0.409722 0.0210938 0.0138889
2 0.473437 0.425694 0.040625 0.0208333
2 0.473437 0.40625 0.0203125 0.0152778
7 0.545313 0.554167 0.0265625 0.0444444
7 0.650781 0.561806 0.0484375 0.0819444
2 0.434375 0.432639 0.0375 0.0402778
5 0.594531 0.500694 0.090625 0.134722
2 0.569922 0.432639 0.0429688 0.0347222
7 0.588672 0.570833 0.0664062 0.0861111
2 0.521875 0.430556 0.0546875 0.0555556
7 0.920703 0.555556 0.158594 0.166667
7 0.746094 0.572917 0.201562 0.190278
7 0.482812 0.641667 0.18125 0.263889
