2 0.462109 0.325694 0.0101562 0.0180556
7 0.164453 0.396528 0.0289063 0.0263889
7 0.338281 0.39375 0.0140625 0.0125
7 0.310156 0.395139 0.015625 0.0125
7 0.324219 0.395139 0.009375 0.00972222
7 0.200391 0.4 0.0273438 0.0222222
7 0.267188 0.397222 0.021875 0.0194444
2 0.461719 0.342361 0.009375 0.0180556
2 0.461328 0.360417 0.00859375 0.0152778
7 0.289453 0.396528 0.0164062 0.0152778
7 0.432422 0.400694 0.0351562 0.0541667
7 0.569922 0.4 0.0195312 0.0222222
7 0.0835937 0.39375 0.053125 0.0347222
7 0.130859 0.39375 0.0382813 0.0291667
2 0.462109 0.315278 0.0101562 0.0222222
7 0.0226563 0.395833 0.0453125 0.0416667
2 0.976562 0.14375 0.046875 0.0763889
2 0.976172 0.304861 0.0210938 0.0291667
7 0.763281 0.460417 0.20625 0.231944
7 0.505469 0.470833 0.142188 0.208333
