1 0.603906 0.485417 0.00625 0.0125
2 0.54375 0.415972 0.0125 0.0125
2 0.315625 0.397917 0.009375 0.0319444
1 0.975 0.182639 0.015625 0.0513889
2 0.929297 0.25625 0.0132813 0.0458333
1 0.296484 0.31875 0.0117188 0.0375
1 0.566406 0.481944 0.0078125 0.0222222
7 0.617969 0.522222 0.028125 0.0361111
1 0.289844 0.434028 0.01875 0.0347222
7 0.645703 0.524306 0.0226563 0.0402778
1 0.953516 0.175 0.0195312 0.0666667
7 0.588281 0.521528 0.0203125 0.0263889
2 0.302734 0.358333 0.0304688 0.0194444
2 0.301953 0.39375 0.0210938 0.0458333
3 0.0871094 0.548611 0.0523437 0.205556
7 0.819922 0.595833 0.360156 0.591667
7 0.496484 0.578472 0.125781 0.1625
