7 0.321094 0.507639 0.0125 0.0152778
7 0.345703 0.515972 0.0132813 0.0236111
7 0.303906 0.509028 0.0125 0.0236111
7 0.353125 0.520139 0.0140625 0.0319444
7 0.251953 0.511806 0.0304688 0.0625
1 0.326562 0.478472 0.00625 0.0152778
7 0.285937 0.5125 0.0203125 0.0361111
7 0.233594 0.515278 0.0390625 0.0777778
1 0.283203 0.454167 0.00859375 0.0194444
7 0.269922 0.511111 0.0257812 0.05
2 0.504297 0.401389 0.0117188 0.0222222
7 0.216016 0.526389 0.0429688 0.1
7 0.369531 0.525694 0.03125 0.0458333
7 0.776172 0.770833 0.447656 0.458333
7 0.435156 0.563194 0.05 0.123611
7 0.152734 0.532639 0.124219 0.148611
7 0.565625 0.651389 0.173438 0.205556
7 0.490234 0.579167 0.113281 0.163889
7 0.0625 0.577083 0.125 0.226389
