5 0.268359 0.475 0.0164062 0.0277778
2 0.85625 0.185417 0.04375 0.0930556
1 0.221875 0.432639 0.0078125 0.0152778
3 0.619531 0.49375 0.0234375 0.0930556
2 0.792969 0.171528 0.053125 0.0319444
1 0.529688 0.403472 0.0109375 0.0263889
1 0.337891 0.265972 0.0132813 0.0486111
7 0.280859 0.488194 0.0179687 0.0291667
1 0.328906 0.427778 0.0078125 0.0166667
1 0.542578 0.402778 0.0132813 0.025
2 0.794141 0.129861 0.0398437 0.0513889
7 0.178516 0.501389 0.0367187 0.0583333
1 0.765625 0.305556 0.021875 0.05
7 0.226953 0.492361 0.0195312 0.0291667
2 0.519531 0.343056 0.028125 0.0194444
3 0.557031 0.501389 0.01875 0.105556
3 0.576172 0.495139 0.0195312 0.0930556
7 0.252344 0.496528 0.0390625 0.0513889
7 0.305859 0.499306 0.0398437 0.0569444
7 0.821875 0.552778 0.35625 0.333333
7 0.0890625 0.529861 0.178125 0.254167
