7 0.134766 0.713194 0.0257812 0.0291667
1 0.386328 0.670139 0.00703125 0.0152778
1 0.180078 0.597917 0.0117188 0.0180556
1 0.270703 0.573611 0.0101562 0.0361111
7 0.115625 0.715278 0.0421875 0.0388889
7 0.341016 0.720833 0.0148437 0.0222222
2 0.179688 0.641667 0.021875 0.0138889
1 0.542578 0.583333 0.0117188 0.0277778
2 0.344531 0.64375 0.0109375 0.0180556
2 0.367969 0.649306 0.0109375 0.0236111
7 0.384375 0.724306 0.0140625 0.0208333
2 0.319141 0.642361 0.0117188 0.0180556
7 0.280469 0.722917 0.025 0.0375
2 0.179297 0.622222 0.0195312 0.0277778
7 0.358594 0.724306 0.0171875 0.0236111
7 0.247266 0.725694 0.0429688 0.0597222
7 0.310547 0.740972 0.0476562 0.0680556
