7 0.782422 0.507639 0.0195312 0.0402778
7 0.644531 0.523611 0.0234375 0.0305556
7 0.627734 0.528472 0.0195312 0.0236111
7 0.755859 0.518056 0.0304688 0.0305556
7 0.474609 0.53125 0.0460938 0.0486111
7 0.727734 0.520139 0.0335938 0.0319444
2 0.858203 0.402083 0.0664062 0.1125
3 0.855078 0.536111 0.0179687 0.0944444
7 0.543359 0.528472 0.0320312 0.0402778
7 0.0355469 0.563194 0.0710938 0.0875
7 0.600781 0.525 0.0390625 0.0388889
7 0.688672 0.516667 0.0445312 0.0416667
7 0.290234 0.545833 0.0726563 0.0583333
7 0.422266 0.536111 0.0523437 0.0472222
7 0.511719 0.540278 0.0578125 0.05
7 0.369531 0.540972 0.0609375 0.0513889
