2 0.83125 0.548611 0.0109375 0.0166667
7 0.415625 0.573611 0.0109375 0.0194444
2 0.457422 0.555556 0.00703125 0.0138889
7 0.993359 0.663194 0.0132813 0.156944
2 0.444141 0.555556 0.00703125 0.0138889
2 0.578125 0.5625 0.0171875 0.0277778
7 0.429297 0.576389 0.0195312 0.0333333
2 0.730078 0.486806 0.0148437 0.0236111
7 0.225391 0.557639 0.0367187 0.0319444
2 0.439844 0.496528 0.0171875 0.0208333
7 0.398438 0.572222 0.025 0.0388889
2 0.810156 0.445833 0.071875 0.0416667
2 0.714844 0.388889 0.123438 0.111111
