3 0.443359 0.475 0.0117188 0.0666667
2 0.539844 0.443056 0.0078125 0.0111111
7 0.509375 0.468056 0.009375 0.0138889
1 0.524609 0.440278 0.00703125 0.0138889
7 0.582812 0.476389 0.0203125 0.0361111
7 0.500391 0.465972 0.0117188 0.0180556
3 0.685938 0.49375 0.0140625 0.0597222
7 0.590625 0.480556 0.021875 0.0388889
1 0.757031 0.432639 0.0109375 0.0208333
7 0.874609 0.452778 0.0804688 0.0722222
3 0.765625 0.5 0.0140625 0.0611111
3 0.0234375 0.428472 0.0453125 0.326389
1 0.517187 0.309722 0.009375 0.0361111
7 0.566797 0.475 0.0117188 0.0277778
3 0.795313 0.490278 0.0171875 0.075
1 0.759375 0.393056 0.0109375 0.0416667
3 0.459766 0.482639 0.00859375 0.0430556
3 0.423438 0.475 0.0125 0.0611111
1 0.675781 0.292361 0.0140625 0.0513889
2 0.388672 0.304861 0.0210938 0.0152778
1 0.690625 0.289583 0.0109375 0.0486111
1 0.717578 0.305556 0.0132813 0.0472222
7 0.611328 0.48125 0.0351562 0.0458333
7 0.548047 0.472222 0.0164062 0.0305556
3 0.406641 0.472917 0.0132813 0.0652778
2 0.680469 0.425694 0.0203125 0.0347222
7 0.635547 0.496528 0.0429688 0.0513889
2 0.366016 0.177778 0.0304688 0.0805556
2 0.477344 0.307639 0.040625 0.0180556
7 0.527344 0.474306 0.03125 0.0430556
7 0.886719 0.553472 0.226562 0.448611
