7 0.439844 0.477778 0.0109375 0.0166667
7 0.445703 0.475 0.00859375 0.0166667
7 0.433984 0.48125 0.0117188 0.0180556
7 0.422656 0.483333 0.0171875 0.0305556
7 0.495313 0.470833 0.0125 0.0166667
7 0.501172 0.485417 0.0148437 0.0263889
2 0.211719 0.339583 0.025 0.0152778
7 0.416016 0.482639 0.0210938 0.0347222
1 0.444922 0.428472 0.00703125 0.0152778
1 0.216016 0.415278 0.0132813 0.0277778
1 0.341797 0.433333 0.0132813 0.0222222
1 0.357031 0.322222 0.009375 0.0444444
1 0.469141 0.318056 0.0101562 0.0388889
2 0.225781 0.363194 0.025 0.0152778
1 0.651172 0.400694 0.0226563 0.0291667
1 0.347266 0.321528 0.0117188 0.0458333
7 0.861328 0.474306 0.177344 0.148611
2 0.580469 0.348611 0.015625 0.0111111
1 0.479297 0.317361 0.00859375 0.0347222
7 0.373828 0.493056 0.0460938 0.0555556
7 0.478516 0.495833 0.0335938 0.0472222
7 0.915234 0.595833 0.164844 0.588889
7 0.226172 0.53125 0.117969 0.131944
7 0.0863281 0.594444 0.172656 0.194444
7 0.616406 0.525694 0.0953125 0.123611
