1 0.266797 0.254861 0.00859375 0.0430556
1 0.202734 0.367361 0.0101562 0.0208333
1 0.257812 0.254861 0.0109375 0.0458333
1 0.648047 0.408333 0.0148437 0.025
1 0.205859 0.284028 0.0117188 0.0347222
2 0.653125 0.364583 0.0296875 0.0152778
1 0.248437 0.259028 0.009375 0.0513889
2 0.19375 0.325 0.01875 0.0416667
1 0.627734 0.311806 0.0117188 0.0486111
1 0.766797 0.147917 0.0132813 0.0680556
2 0.31875 0.363889 0.040625 0.0333333
7 0.924609 0.791667 0.149219 0.408333
1 0.78125 0.142361 0.0171875 0.0763889
2 0.224219 0.2625 0.028125 0.0361111
1 0.801172 0.143056 0.0179687 0.0722222
7 0.941016 0.515278 0.117969 0.108333
7 0.0605469 0.568056 0.121094 0.266667
7 0.740625 0.56875 0.315625 0.340278
7 0.321484 0.519444 0.194531 0.291667
