7 0.411328 0.420139 0.0117188 0.0180556
7 0.423828 0.411806 0.0117188 0.0180556
7 0.374219 0.436111 0.0171875 0.0416667
2 0.552734 0.424306 0.00703125 0.0208333
7 0.310937 0.4125 0.015625 0.0194444
7 0.300391 0.419444 0.0148437 0.0166667
2 0.564062 0.423611 0.0078125 0.0194444
7 0.267578 0.440278 0.0210938 0.025
7 0.3625 0.435417 0.0140625 0.0319444
7 0.0621094 0.456944 0.0507812 0.0305556
7 0.241016 0.438889 0.0304688 0.0277778
7 0.206641 0.449306 0.0367187 0.0263889
7 0.434375 0.430556 0.0203125 0.0388889
2 0.586719 0.384028 0.0140625 0.00972222
2 0.385547 0.384028 0.0195312 0.0152778
7 0.328906 0.428472 0.0203125 0.0236111
7 0.64375 0.411111 0.0375 0.0305556
2 0.482031 0.386111 0.0140625 0.025
2 0.586719 0.3625 0.0171875 0.0305556
2 0.758984 0.370833 0.0195312 0.0333333
2 0.556641 0.354861 0.0289063 0.0375
7 0.396094 0.455556 0.0515625 0.0694444
7 0.472266 0.48125 0.0929687 0.134722
