7 0.301953 0.566667 0.0148437 0.0277778
7 0.327734 0.560417 0.0117188 0.0152778
2 0.361719 0.540278 0.009375 0.0166667
1 0.334375 0.516667 0.0078125 0.0194444
7 0.403906 0.586806 0.0328125 0.0763889
7 0.346094 0.570833 0.015625 0.0222222
1 0.296875 0.5125 0.0078125 0.0194444
7 0.364844 0.579167 0.021875 0.0472222
7 0.382812 0.583333 0.025 0.0555556
7 0.232812 0.582639 0.03125 0.0597222
7 0.444531 0.59375 0.06875 0.131944
2 0.659766 0.354167 0.0335938 0.0388889
7 0.203125 0.586806 0.0484375 0.0791667
2 0.453125 0.495139 0.021875 0.0458333
7 0.03125 0.629861 0.0625 0.2125
7 0.271094 0.58125 0.05625 0.0819444
7 0.155859 0.597222 0.0929687 0.0944444
7 0.521094 0.604167 0.142188 0.188889
