1 0.395703 0.565972 0.00859375 0.0180556
1 0.560547 0.252083 0.0148437 0.0319444
7 0.0457031 0.567361 0.0351562 0.0430556
7 0.342578 0.581944 0.0101562 0.0138889
1 0.2625 0.127083 0.0234375 0.0513889
1 0.419531 0.515278 0.009375 0.0194444
7 0.354688 0.581944 0.0125 0.0138889
1 0.603125 0.283333 0.015625 0.05
2 0.476172 0.570139 0.0226563 0.0152778
1 0.316016 0.153472 0.0179687 0.0541667
1 0.380859 0.217361 0.0257812 0.0569444
1 0.584375 0.280556 0.01875 0.0527778
2 0.723047 0.470139 0.0164062 0.0430556
2 0.475781 0.550694 0.0296875 0.0263889
2 0.512891 0.305556 0.0632813 0.075
