7 0.452344 0.270139 0.0125 0.0208333
7 0.446484 0.270833 0.0148437 0.0222222
7 0.428516 0.277778 0.0148437 0.0305556
7 0.464063 0.270139 0.0125 0.0180556
7 0.434766 0.275694 0.0117188 0.0263889
7 0.423828 0.279861 0.0148437 0.0347222
7 0.414062 0.283333 0.01875 0.0416667
2 0.321484 0.177083 0.0164062 0.0458333
1 0.483984 0.230556 0.00703125 0.0138889
1 0.460938 0.233333 0.0078125 0.0138889
7 0.396484 0.292361 0.0289063 0.0513889
7 0.494531 0.271528 0.0140625 0.0291667
7 0.502344 0.279861 0.0171875 0.0430556
2 0.512109 0.238194 0.00859375 0.0180556
7 0.367578 0.304861 0.0429688 0.0652778
7 0.534766 0.3 0.0570313 0.0805556
7 0.311328 0.326389 0.105469 0.125
7 0.611719 0.351389 0.132812 0.186111
7 0.214062 0.36875 0.182812 0.168056
