2 0.858594 0.499306 0.021875 0.0180556
7 0.655469 0.675 0.0265625 0.0694444
1 0.208984 0.540278 0.0148437 0.0277778
3 0.241016 0.611806 0.0179687 0.0569444
7 0.645703 0.672917 0.0210938 0.0597222
3 0.258984 0.623611 0.0164062 0.0777778
1 0.232031 0.541667 0.0109375 0.0277778
7 0.633594 0.66875 0.0171875 0.0486111
3 0.308594 0.628472 0.0140625 0.0597222
2 0.847656 0.528472 0.01875 0.0263889
2 0.845703 0.575 0.0179687 0.0388889
1 0.163672 0.179167 0.0179687 0.0861111
1 0.184375 0.188194 0.0171875 0.0875
1 0.145703 0.180556 0.0179687 0.0777778
1 0.641016 0.322917 0.0195312 0.0736111
7 0.120703 0.713194 0.241406 0.365278
1 0.620313 0.322917 0.01875 0.0708333
7 0.370703 0.651389 0.0523437 0.0666667
5 0.724609 0.680556 0.152344 0.247222
5 0.513281 0.620139 0.242188 0.456944
