2 0.474609 0.359722 0.00703125 0.0138889
2 0.546875 0.327083 0.00625 0.0208333
2 0.496094 0.35625 0.0078125 0.0208333
2 0.689062 0.336806 0.0125 0.0152778
7 0.368359 0.45 0.0304688 0.0638889
7 0.430859 0.39375 0.0195312 0.0208333
2 0.495703 0.311806 0.00859375 0.0152778
7 0.148438 0.4875 0.075 0.0916667
7 0.209375 0.435417 0.0875 0.0513889
7 0.461328 0.407639 0.0320312 0.0319444
7 0.401563 0.431944 0.03125 0.0416667
2 0.689453 0.267361 0.0164062 0.0208333
7 0.342187 0.456944 0.04375 0.0638889
2 0.489844 0.332639 0.0203125 0.0291667
2 0.688672 0.232639 0.0257812 0.0458333
2 0.689453 0.304861 0.0242187 0.0430556
7 0.523438 0.415278 0.0328125 0.0416667
7 0.298438 0.4625 0.0625 0.0861111
7 0.228906 0.48125 0.10625 0.1125
7 0.0605469 0.492361 0.121094 0.148611
2 0.905469 0.230556 0.101562 0.136111
7 0.653906 0.530556 0.242188 0.344444
