2 0.569531 0.411111 0.0109375 0.0111111
7 0.484766 0.434722 0.0101562 0.0166667
7 0.494141 0.436111 0.0132813 0.0194444
2 0.486328 0.420139 0.00546875 0.0125
7 0.578516 0.455556 0.0242187 0.0472222
7 0.567969 0.45 0.028125 0.0444444
7 0.541797 0.445833 0.0367187 0.0416667
1 0.446484 0.373611 0.00859375 0.0194444
7 0.504297 0.441667 0.0164062 0.0222222
1 0.527344 0.382639 0.0078125 0.0180556
7 0.621484 0.463889 0.0414063 0.0638889
7 0.603516 0.456944 0.0429688 0.0638889
2 0.665234 0.38125 0.0195312 0.0430556
7 0.653906 0.473611 0.0546875 0.0722222
2 0.543359 0.379861 0.0226563 0.0152778
7 0.704687 0.486111 0.0890625 0.1
7 0.801562 0.497917 0.145313 0.148611
7 0.402344 0.491667 0.145313 0.2
7 0.917578 0.548611 0.164844 0.183333
