7 0.515234 0.5125 0.0132813 0.0333333
2 0.725 0.286806 0.0265625 0.0208333
2 0.785156 0.263889 0.021875 0.0416667
7 0.482812 0.50625 0.015625 0.0291667
1 0.119531 0.365278 0.0125 0.0555556
2 0.779688 0.317361 0.01875 0.0430556
1 0.453906 0.459028 0.0078125 0.0180556
7 0.326562 0.535417 0.0140625 0.0208333
1 0.053125 0.51875 0.009375 0.0208333
1 0.353516 0.468056 0.00703125 0.0194444
1 0.104687 0.366667 0.0140625 0.05
1 0.591406 0.440278 0.0125 0.0222222
2 0.708594 0.320833 0.034375 0.0222222
2 0.333984 0.470833 0.0179687 0.0111111
7 0.377344 0.515972 0.01875 0.0236111
1 0.54375 0.305556 0.0125 0.0472222
1 0.555078 0.30625 0.0101562 0.0458333
7 0.275781 0.548611 0.028125 0.0388889
7 0.310547 0.538194 0.0226563 0.0319444
7 0.498828 0.507639 0.0242187 0.0347222
2 0.084375 0.520833 0.01875 0.0444444
7 0.536328 0.513889 0.0414063 0.0555556
3 0.101953 0.575694 0.0148437 0.0569444
7 0.245703 0.557639 0.0367187 0.0430556
7 0.437109 0.534722 0.0867188 0.141667
