7 0.369141 0.365278 0.0164062 0.025
1 0.407422 0.322222 0.00703125 0.0166667
7 0.310156 0.375 0.03125 0.0527778
1 0.450781 0.327778 0.0078125 0.0166667
1 0.409766 0.295833 0.00703125 0.0194444
7 0.346094 0.371528 0.0171875 0.0375
7 0.323047 0.370833 0.0273438 0.0527778
7 0.358203 0.371528 0.0132813 0.0319444
1 0.483984 0.297222 0.00859375 0.0222222
7 0.296094 0.380556 0.028125 0.0583333
7 0.498047 0.389583 0.0445312 0.0652778
7 0.388672 0.372222 0.0257812 0.0333333
7 0.614844 0.406944 0.05 0.0805556
7 0.261719 0.376389 0.0640625 0.0805556
7 0.444922 0.384722 0.0617188 0.0888889
7 0.551562 0.395833 0.0734375 0.102778
7 0.659766 0.413889 0.0820312 0.102778
7 0.192969 0.385417 0.114063 0.1125
7 0.800391 0.490278 0.313281 0.286111
