2 0.225391 0.128472 0.0570313 0.0625
7 0.389453 0.3875 0.0132813 0.0222222
7 0.417969 0.393056 0.0125 0.0166667
7 0.433984 0.394444 0.0164062 0.0194444
7 0.312891 0.390278 0.0195312 0.0277778
7 0.40625 0.386806 0.0125 0.0208333
7 0.352344 0.388889 0.0171875 0.0194444
7 0.333203 0.390972 0.0179687 0.0236111
2 0.673437 0.193056 0.015625 0.0277778
7 0.450391 0.400694 0.0179687 0.0263889
2 0.673047 0.161806 0.0289063 0.0236111
7 0.130859 0.389583 0.0226563 0.0236111
2 0.685156 0.21875 0.025 0.0319444
7 0.259766 0.389583 0.0429688 0.0513889
2 0.2125 0.202778 0.0421875 0.0833333
5 0.0597656 0.386111 0.119531 0.216667
