2 0.401172 0.406944 0.00859375 0.0111111
1 0.257031 0.334028 0.009375 0.0319444
1 0.342578 0.411111 0.00546875 0.0138889
2 0.258594 0.40625 0.009375 0.0152778
1 0.480078 0.40625 0.0101562 0.0180556
1 0.373437 0.340972 0.0078125 0.0236111
2 0.46875 0.388194 0.0140625 0.0125
3 0.571484 0.449306 0.0148437 0.0763889
2 0.480469 0.363889 0.021875 0.0138889
2 0.515234 0.305556 0.0210938 0.0166667
7 0.0171875 0.511806 0.034375 0.120833
7 0.332031 0.461111 0.0265625 0.0388889
7 0.275781 0.465278 0.0421875 0.0527778
7 0.379297 0.454861 0.0695312 0.131944
7 0.146484 0.4875 0.239844 0.322222
