1 0.503125 0.394444 0.009375 0.0444444
3 0.369141 0.580556 0.0101562 0.0388889
1 0.182031 0.53125 0.009375 0.0180556
1 0.179297 0.459722 0.0101562 0.0277778
1 0.375391 0.363194 0.0117188 0.0458333
1 0.166406 0.533333 0.009375 0.0194444
1 0.352344 0.364583 0.0109375 0.0458333
1 0.522656 0.491667 0.015625 0.0305556
5 0.445312 0.588194 0.0546875 0.0402778
1 0.362891 0.360417 0.0117188 0.0486111
1 0.492578 0.395833 0.0117188 0.0666667
2 0.570703 0.454861 0.0164062 0.0208333
1 0.0761719 0.230556 0.0164062 0.0638889
1 0.0972656 0.228472 0.0179687 0.0652778
7 0.683203 0.573611 0.477344 0.225
7 0.0980469 0.611111 0.0851562 0.0527778
7 0.0210938 0.615972 0.0421875 0.0513889
7 0.253906 0.592361 0.134375 0.0819444
