7 0.393359 0.6 0.0195312 0.0444444
7 0.515234 0.608333 0.0132813 0.025
7 0.527734 0.604167 0.0195312 0.05
2 0.0328125 0.507639 0.021875 0.0402778
7 0.472266 0.605556 0.0117188 0.0222222
7 0.541016 0.605556 0.0242187 0.0583333
7 0.575391 0.613194 0.0632813 0.101389
7 0.489062 0.605556 0.0203125 0.0277778
7 0.370703 0.594444 0.0414063 0.119444
7 0.0613281 0.645139 0.122656 0.379167
7 0.449219 0.602083 0.040625 0.0569444
7 0.921875 0.858333 0.154687 0.277778
3 0.217578 0.65 0.0851562 0.263889
7 0.652344 0.660417 0.148438 0.198611
7 0.815625 0.763194 0.346875 0.343056
