2 0.653906 0.325694 0.0125 0.00972222
3 0.369922 0.396528 0.0179687 0.0930556
4 0.0480469 0.495833 0.0945313 0.102778
3 0.408203 0.391667 0.0101562 0.0388889
3 0.792188 0.415972 0.0171875 0.106944
1 0.56875 0.338889 0.00625 0.0138889
1 0.598437 0.334722 0.00625 0.0166667
1 0.580078 0.299306 0.00859375 0.0236111
1 0.533984 0.285417 0.00859375 0.0236111
2 0.810547 0.147917 0.0210938 0.0402778
3 0.926172 0.423611 0.0382813 0.125
7 0.588672 0.386806 0.0195312 0.0375
2 0.8 0.202083 0.015625 0.0486111
2 0.821094 0.204861 0.0203125 0.0708333
3 0.861719 0.405556 0.0296875 0.141667
7 0.450391 0.40625 0.0414063 0.0541667
7 0.560938 0.397917 0.0515625 0.0875
7 0.512891 0.454861 0.121094 0.165278
7 0.6625 0.425694 0.0953125 0.145833
