7 0.307031 0.626389 0.0265625 0.0361111
7 0.207813 0.638889 0.05625 0.0444444
7 0.285547 0.63125 0.0304688 0.0375
7 0.365625 0.601389 0.01875 0.0194444
2 0.416016 0.521528 0.00859375 0.0208333
7 0.335938 0.613194 0.0265625 0.0291667
7 0.389062 0.602778 0.0203125 0.025
7 0.487109 0.595833 0.0164062 0.0305556
2 0.649609 0.561806 0.0117188 0.0208333
7 0.25625 0.646528 0.046875 0.0486111
7 0.764844 0.60625 0.0265625 0.0736111
7 0.100391 0.6625 0.0851562 0.0666667
2 0.348437 0.522917 0.0203125 0.0180556
7 0.186328 0.676389 0.0742188 0.0583333
7 0.815625 0.631944 0.114063 0.158333
7 0.918359 0.640972 0.161719 0.365278
7 0.459375 0.613194 0.0578125 0.0847222
