7 0.515625 0.456944 0.0203125 0.0472222
7 0.410156 0.44375 0.0125 0.0236111
1 0.519922 0.418056 0.00703125 0.0166667
7 0.421484 0.439583 0.0148437 0.0236111
1 0.427344 0.3625 0.00625 0.0222222
7 0.485547 0.445139 0.0117188 0.0236111
7 0.495703 0.449306 0.0148437 0.0319444
7 0.503125 0.452778 0.0203125 0.0388889
1 0.420703 0.359722 0.00703125 0.025
7 0.315625 0.460417 0.034375 0.0291667
1 0.369922 0.419444 0.00859375 0.0194444
1 0.466797 0.363194 0.00703125 0.0180556
1 0.986328 0.215972 0.0273438 0.0652778
7 0.247656 0.484722 0.078125 0.0944444
7 0.528125 0.463194 0.03125 0.0597222
7 0.292578 0.483333 0.0367187 0.0666667
2 0.505078 0.422222 0.00859375 0.0194444
7 0.394141 0.454167 0.0210938 0.0277778
7 0.548047 0.472917 0.0445312 0.0652778
7 0.122656 0.519444 0.132812 0.152778
7 0.361328 0.4625 0.0335938 0.0388889
2 0.580078 0.364583 0.0195312 0.0458333
7 0.0367187 0.531944 0.0734375 0.186111
7 0.623828 0.495833 0.0757812 0.133333
7 0.583984 0.486111 0.0539063 0.0972222
7 0.2 0.500694 0.104687 0.109722
7 0.722266 0.510417 0.196094 0.220833
