7 0.571094 0.544444 0.0125 0.025
7 0.564844 0.545833 0.015625 0.0194444
7 0.523828 0.542361 0.0117188 0.0236111
1 0.597656 0.513194 0.009375 0.0152778
7 0.577344 0.545833 0.0109375 0.0333333
1 0.496875 0.470833 0.0078125 0.0222222
7 0.473437 0.555556 0.0234375 0.0611111
7 0.512891 0.540972 0.0179687 0.0291667
7 0.482812 0.551389 0.025 0.0555556
2 0.500391 0.515972 0.0101562 0.0180556
7 0.589453 0.545833 0.0226563 0.0472222
7 0.439453 0.554861 0.0632813 0.0930556
7 0.544531 0.54375 0.01875 0.0263889
7 0.611719 0.55 0.0375 0.0666667
7 0.6625 0.566667 0.059375 0.122222
2 0.253516 0.393056 0.0195312 0.0444444
7 0.63125 0.565278 0.0359375 0.0805556
2 0.254297 0.342361 0.0367187 0.0486111
7 0.39375 0.584722 0.08125 0.125
7 0.726953 0.581944 0.133594 0.172222
7 0.304688 0.615278 0.1875 0.191667
7 0.821484 0.636806 0.221094 0.215278
