7 0.452344 0.347222 0.0109375 0.0138889
7 0.348828 0.344444 0.0148437 0.0166667
7 0.496484 0.357639 0.0101562 0.0208333
7 0.379687 0.340278 0.0140625 0.0138889
7 0.442578 0.34375 0.0101562 0.0152778
2 0.331641 0.300694 0.0132813 0.00972222
7 0.270703 0.347917 0.0242187 0.0291667
2 0.506641 0.325 0.00859375 0.00833333
7 0.402344 0.345139 0.015625 0.0180556
7 0.00664063 0.35625 0.0132813 0.0597222
7 0.478516 0.350694 0.0148437 0.0152778
1 0.416797 0.322222 0.00546875 0.0138889
7 0.510156 0.361806 0.01875 0.0291667
7 0.287109 0.346528 0.0148437 0.0263889
7 0.501953 0.359722 0.0132813 0.025
7 0.465234 0.347222 0.0101562 0.0138889
7 0.521875 0.363889 0.021875 0.0333333
1 0.410156 0.320139 0.00625 0.0125
7 0.317187 0.345139 0.0171875 0.0236111
2 0.490625 0.329861 0.00625 0.0152778
7 0.129297 0.356944 0.0429688 0.05
7 0.549219 0.367361 0.0375 0.0513889
7 0.365234 0.340278 0.0148437 0.0166667
2 0.480078 0.323611 0.00703125 0.0111111
7 0.164453 0.354861 0.0335938 0.0458333
7 0.246094 0.351389 0.0328125 0.0361111
7 0.646484 0.383333 0.0695312 0.105556
2 0.673437 0.304167 0.0265625 0.0277778
7 0.722266 0.404861 0.122656 0.118056
7 0.591016 0.365278 0.0601562 0.0805556
