7 0.333203 0.515278 0.0148437 0.0166667
7 0.423438 0.501389 0.0140625 0.0166667
7 0.351172 0.515278 0.0132813 0.0222222
7 0.140234 0.540972 0.0289063 0.0319444
1 0.460938 0.472917 0.0078125 0.0152778
7 0.101953 0.544444 0.0429688 0.0444444
7 0.463672 0.509028 0.0179687 0.0291667
7 0.170703 0.541667 0.0195312 0.0222222
7 0.450391 0.502778 0.0132813 0.0166667
7 0.228125 0.527778 0.021875 0.0277778
1 0.408984 0.467361 0.00703125 0.0152778
7 0.476953 0.510417 0.0179687 0.0319444
2 0.387891 0.477083 0.00859375 0.0180556
2 0.495703 0.456944 0.0101562 0.0194444
2 0.696094 0.38125 0.0265625 0.0208333
7 0.498828 0.513889 0.0335938 0.0444444
7 0.884766 0.604167 0.228906 0.277778
