7 0.365234 0.510417 0.0148437 0.0236111
7 0.466016 0.497917 0.0101562 0.0263889
7 0.371484 0.510417 0.0132813 0.0236111
7 0.471094 0.497222 0.0125 0.0277778
7 0.40625 0.50625 0.0109375 0.0180556
7 0.496094 0.502778 0.01875 0.0361111
7 0.415625 0.502778 0.009375 0.0166667
7 0.483203 0.501389 0.0132813 0.0333333
7 0.478906 0.500694 0.0125 0.0319444
2 0.385156 0.489583 0.00625 0.0125
7 0.347656 0.513194 0.028125 0.0347222
7 0.247656 0.538194 0.05 0.0819444
7 0.3125 0.525694 0.0515625 0.0458333
7 0.192188 0.554861 0.0859375 0.0930556
7 0.59375 0.516667 0.0953125 0.111111
7 0.438281 0.515278 0.0359375 0.0555556
7 0.716016 0.536806 0.213281 0.184722
7 0.0824219 0.59375 0.128906 0.126389
