7 0.660547 0.419444 0.0148437 0.0277778
7 0.605078 0.423611 0.0148437 0.0361111
7 0.616797 0.420833 0.0148437 0.0222222
7 0.653516 0.418056 0.0179687 0.0305556
7 0.671484 0.422222 0.0148437 0.0277778
3 0.0941406 0.383333 0.0257812 0.0694444
7 0.68125 0.425694 0.01875 0.0319444
7 0.972656 0.634722 0.0546875 0.372222
7 0.700781 0.434722 0.0359375 0.0444444
1 0.292969 0.29375 0.021875 0.0402778
7 0.582812 0.430556 0.0421875 0.0638889
2 0.258203 0.254861 0.0445312 0.0291667
7 0.563672 0.448611 0.0570313 0.075
7 0.0773437 0.448611 0.154687 0.177778
