2 0.769531 0.622917 0.015625 0.0625
1 0.364453 0.745833 0.00546875 0.0138889
7 0.387891 0.797917 0.00859375 0.00972222
2 0.328125 0.770139 0.00625 0.0125
7 0.492969 0.792361 0.05 0.0347222
2 0.791406 0.656944 0.0203125 0.0194444
1 0.412891 0.739583 0.00546875 0.0152778
1 0.702734 0.679167 0.0148437 0.0277778
7 0.378516 0.798611 0.00859375 0.0111111
7 0.350781 0.802778 0.0125 0.0166667
1 0.289844 0.649306 0.0109375 0.0291667
1 0.465234 0.632639 0.0101562 0.0375
5 0.493359 0.792361 0.0507812 0.0347222
7 0.295312 0.813194 0.01875 0.0263889
5 0.133594 0.825694 0.096875 0.101389
2 0.259375 0.725694 0.0171875 0.0125
0 0.133984 0.826389 0.0992187 0.102778
2 0.309375 0.774306 0.0203125 0.0291667
2 0.249219 0.763194 0.015625 0.0263889
