7 0.346875 0.572917 0.0140625 0.0291667
7 0.244922 0.572222 0.0460938 0.0444444
2 0.495313 0.491667 0.0125 0.0111111
7 0.188672 0.56875 0.0460938 0.0430556
1 0.490625 0.534722 0.009375 0.0166667
7 0.371875 0.573611 0.0171875 0.025
1 0.433984 0.425 0.0117188 0.0305556
1 0.285547 0.416667 0.0148437 0.025
7 0.0597656 0.577778 0.0429688 0.0361111
2 0.488281 0.502778 0.015625 0.0138889
7 0.128906 0.570139 0.0546875 0.0458333
7 0.410937 0.581944 0.05 0.0611111
7 0.450391 0.584028 0.0320312 0.0375
2 0.0886719 0.413889 0.0304688 0.0416667
7 0.674219 0.615972 0.139062 0.131944
7 0.579297 0.604861 0.0835937 0.0902778
7 0.314063 0.570833 0.059375 0.0888889
7 0.857813 0.642361 0.275 0.2125
