7 0.292188 0.420139 0.0140625 0.0236111
7 0.830469 0.446528 0.0484375 0.0541667
1 0.506641 0.388194 0.0101562 0.0208333
1 0.267188 0.263889 0.0109375 0.0444444
1 0.491797 0.320139 0.0101562 0.0347222
1 0.689453 0.367361 0.0242187 0.0291667
3 0.504687 0.444444 0.0140625 0.0555556
7 0.337891 0.435417 0.0289063 0.0402778
2 0.497656 0.369444 0.01875 0.0138889
7 0.615234 0.449306 0.0835937 0.0680556
7 0.894141 0.444444 0.146094 0.0611111
7 0.372266 0.454861 0.0382813 0.0847222
7 0.585547 0.444444 0.0757812 0.0638889
2 0.892187 0.214583 0.040625 0.0458333
7 0.267578 0.455556 0.0570313 0.0944444
2 0.666797 0.326389 0.0398437 0.05
7 0.738281 0.44375 0.140625 0.0930556
7 0.676953 0.517361 0.174219 0.176389
7 0.0796875 0.6 0.159375 0.391667
7 0.430078 0.514583 0.138281 0.204167
7 0.220313 0.495139 0.14375 0.1875
