7 0.268359 0.379167 0.0117188 0.0138889
7 0.416797 0.427083 0.0164062 0.0125
7 0.150781 0.391667 0.0140625 0.0222222
7 0.352344 0.415278 0.0171875 0.0194444
7 0.400781 0.425694 0.0171875 0.0180556
7 0.201172 0.377083 0.0117188 0.0180556
7 0.314063 0.384028 0.0125 0.0125
1 0.364844 0.348611 0.0078125 0.0111111
7 0.334766 0.404861 0.0164062 0.0208333
1 0.34375 0.343056 0.0078125 0.0138889
7 0.49375 0.4125 0.0625 0.0416667
1 0.39375 0.375 0.0078125 0.0166667
7 0.294531 0.384028 0.01875 0.0152778
7 0.162891 0.379167 0.0148437 0.0166667
7 0.269922 0.390972 0.0148437 0.0180556
7 0.121875 0.406944 0.028125 0.0277778
2 0.440625 0.383333 0.025 0.0361111
2 0.311719 0.281944 0.0609375 0.0861111
2 0.240625 0.272222 0.0765625 0.0888889
2 0.445312 0.299306 0.0671875 0.0847222
2 0.510156 0.306944 0.0578125 0.0861111
