2 0.634375 0.463889 0.01875 0.0194444
7 0.566797 0.553472 0.0242187 0.0486111
2 0.634375 0.470833 0.01875 0.0138889
1 0.423047 0.477778 0.00859375 0.0222222
0 0.383203 0.513889 0.0460938 0.0666667
3 0.632422 0.558333 0.0148437 0.0555556
2 0.509375 0.484028 0.0171875 0.00972222
7 0.578906 0.553472 0.0390625 0.0486111
4 0.674219 0.628472 0.0578125 0.145833
6 0.674219 0.627083 0.0578125 0.145833
7 0.383984 0.542361 0.0320312 0.0541667
8 0.673437 0.581944 0.0546875 0.166667
7 0.352344 0.547917 0.053125 0.0791667
7 0.283984 0.570139 0.110156 0.131944
7 0.491016 0.629861 0.191406 0.273611
