7 0.925781 0.677778 0.148438 0.45
7 0.452734 0.536806 0.0117188 0.0291667
7 0.473437 0.530556 0.0140625 0.0222222
7 0.444141 0.538889 0.0179687 0.0361111
7 0.460938 0.531944 0.0171875 0.0277778
1 0.525 0.493056 0.00625 0.0138889
1 0.486719 0.495139 0.00625 0.0152778
7 0.402344 0.558333 0.0234375 0.05
7 0.428516 0.547917 0.0304688 0.0402778
7 0.296484 0.580556 0.0726563 0.108333
7 0.646094 0.563889 0.053125 0.105556
7 0.378516 0.5625 0.0398437 0.0666667
7 0.346875 0.572222 0.05 0.0805556
7 0.118359 0.63125 0.235156 0.254167
7 0.725781 0.5875 0.15625 0.172222
7 0.561328 0.601389 0.146094 0.205556
