1 0.997266 0.316667 0.00546875 0.0361111
2 0.530078 0.172917 0.0242187 0.0236111
1 0.855859 0.233333 0.0132813 0.0333333
2 0.305859 0.334722 0.0164062 0.0222222
1 0.574219 0.157639 0.0109375 0.0458333
2 0.305859 0.354167 0.0164062 0.0194444
1 0.140625 0.207639 0.009375 0.0263889
1 0.589063 0.15625 0.0125 0.0458333
2 0.440234 0.202083 0.0210938 0.0152778
2 0.950781 0.253472 0.028125 0.0319444
2 0.199609 0.241667 0.0210938 0.05
2 0.3125 0.280556 0.01875 0.0472222
7 0.491016 0.3875 0.324219 0.563889
7 0.739453 0.394444 0.214844 0.266667
