2 0.592578 0.5 0.00703125 0.0111111
7 0.541406 0.527778 0.015625 0.0333333
1 0.653906 0.486111 0.0078125 0.0166667
7 0.588672 0.525 0.0117188 0.0138889
2 0.658594 0.497222 0.009375 0.0166667
7 0.682813 0.554861 0.0328125 0.0486111
7 0.53125 0.540972 0.0203125 0.0458333
7 0.614844 0.525 0.009375 0.0166667
7 0.670313 0.552083 0.021875 0.0402778
7 0.513672 0.540972 0.0289063 0.0569444
7 0.659375 0.545139 0.028125 0.0430556
7 0.494141 0.545833 0.0242187 0.0694444
7 0.627734 0.526389 0.0210938 0.025
7 0.467969 0.547917 0.05625 0.0847222
6 0.960547 0.6625 0.0757812 0.194444
7 0.0453125 0.720139 0.090625 0.415278
7 0.714063 0.565278 0.0578125 0.0694444
7 0.381641 0.569444 0.110156 0.158333
7 0.269141 0.605556 0.200781 0.225
