7 0.130078 0.451389 0.0179687 0.0277778
2 0.546875 0.423611 0.0078125 0.0138889
7 0.430859 0.44375 0.0148437 0.0208333
7 0.231641 0.447917 0.0210938 0.0319444
2 0.620313 0.347222 0.0265625 0.0166667
7 0.200781 0.450694 0.0375 0.0347222
7 0.256641 0.447222 0.0320312 0.0361111
7 0.45 0.442361 0.025 0.0375
7 0.296094 0.45 0.0359375 0.0638889
7 0.401563 0.452778 0.0375 0.0583333
7 0.545313 0.452778 0.0359375 0.0472222
7 0.479297 0.452778 0.0382813 0.0555556
2 0.615234 0.384028 0.0695312 0.0625
7 0.0636719 0.448611 0.127344 0.238889
7 0.346875 0.461806 0.09375 0.1125
