7 0.514063 0.585417 0.0125 0.0263889
1 0.488281 0.539583 0.00625 0.0152778
1 0.253906 0.489583 0.015625 0.0319444
7 0.534375 0.5875 0.0171875 0.0444444
1 0.457812 0.538889 0.00625 0.0166667
2 0.260156 0.382639 0.0125 0.0263889
1 0.238672 0.492361 0.0179687 0.0347222
7 0.522266 0.586806 0.0148437 0.0291667
2 0.738281 0.372222 0.0125 0.0166667
1 0.538281 0.404167 0.0109375 0.0416667
1 0.717188 0.4625 0.015625 0.0333333
7 0.426953 0.592361 0.0257812 0.0513889
2 0.245312 0.407639 0.0375 0.0208333
2 0.354297 0.521528 0.0195312 0.0152778
1 0.371484 0.380556 0.0117188 0.05
2 0.616016 0.46875 0.0195312 0.0152778
3 0.782031 0.564583 0.01875 0.0736111
2 0.759375 0.375 0.0203125 0.0333333
2 0.604297 0.496528 0.0210938 0.0152778
4 0.757422 0.611806 0.0398437 0.0791667
2 0.747266 0.339583 0.0210938 0.0375
2 0.604688 0.430556 0.0171875 0.0222222
2 0.263672 0.456944 0.0367187 0.025
7 0.556641 0.588889 0.0398437 0.0555556
7 0.836328 0.561111 0.0867188 0.0805556
7 0.397656 0.597917 0.05 0.0708333
7 0.469141 0.602083 0.0554687 0.0791667
7 0.1125 0.672222 0.221875 0.469444
7 0.314844 0.620139 0.101562 0.154167
7 0.237109 0.654167 0.141406 0.197222
