7 0.0730469 0.396528 0.0367187 0.0625
7 0.375781 0.385417 0.0234375 0.0319444
7 0.310156 0.385417 0.021875 0.0347222
1 0.351172 0.313194 0.00859375 0.0208333
1 0.457812 0.311111 0.0078125 0.0222222
7 0.249219 0.389583 0.03125 0.0291667
1 0.285937 0.315278 0.009375 0.0222222
7 0.974219 0.534028 0.0515625 0.273611
2 0.176172 0.275 0.0304688 0.0166667
1 0.232812 0.273611 0.0078125 0.0277778
7 0.461719 0.395833 0.0203125 0.0361111
2 0.286719 0.288194 0.0109375 0.0180556
1 0.223438 0.273611 0.0078125 0.0277778
7 0.040625 0.406944 0.05625 0.0694444
7 0.1125 0.398611 0.06875 0.0555556
2 0.481641 0.315278 0.0242187 0.0111111
7 0.282813 0.3875 0.03125 0.0361111
7 0.1875 0.394444 0.0671875 0.0555556
7 0.644141 0.425694 0.0539063 0.106944
7 0.4875 0.400694 0.040625 0.0597222
7 0.342578 0.409028 0.0585938 0.0708333
7 0.411328 0.429861 0.0804688 0.118056
7 0.714063 0.43125 0.134375 0.165278
7 0.855078 0.459722 0.260156 0.236111
7 0.565234 0.416667 0.119531 0.169444
