7 0.367188 0.472917 0.0140625 0.0236111
2 0.380859 0.443056 0.00703125 0.0138889
2 0.395703 0.414583 0.0101562 0.0152778
2 0.201953 0.425694 0.0101562 0.0180556
1 0.737891 0.236111 0.0179687 0.0777778
7 0.227344 0.474306 0.0234375 0.0347222
1 0.370703 0.411111 0.00703125 0.0138889
1 0.758984 0.104167 0.0195312 0.0638889
2 0.768359 0.329861 0.0195312 0.0180556
1 0.766797 0.400694 0.0148437 0.0263889
1 0.741797 0.400694 0.0117188 0.0236111
2 0.172266 0.38125 0.0164062 0.0180556
7 0.255859 0.478472 0.0257812 0.0375
1 0.719531 0.0909722 0.021875 0.0819444
3 0.560547 0.483333 0.0117188 0.05
7 0.187109 0.488889 0.0585938 0.0694444
7 0.428516 0.5 0.0710938 0.1
7 0.314453 0.520833 0.116406 0.169444
7 0.689453 0.518056 0.185156 0.172222
