1 0.376953 0.513194 0.00703125 0.0152778
2 0.498047 0.5125 0.00859375 0.0138889
7 0.907812 0.647222 0.148438 0.105556
7 0.180078 0.588194 0.0835937 0.0597222
1 0.4 0.535417 0.00625 0.0125
1 0.426172 0.536111 0.00546875 0.0166667
2 0.0917969 0.40625 0.0132813 0.0152778
1 0.433203 0.509028 0.00703125 0.0180556
7 0.453125 0.565972 0.01875 0.0236111
2 0.794141 0.398611 0.0507812 0.0333333
2 0.498437 0.491667 0.009375 0.0166667
1 0.0601562 0.491667 0.015625 0.025
1 0.822656 0.464583 0.021875 0.0486111
7 0.515234 0.580556 0.0242187 0.0527778
2 0.0636719 0.415278 0.0273438 0.0166667
1 0.596094 0.515278 0.0125 0.0222222
2 0.584766 0.495833 0.0210938 0.0138889
2 0.3625 0.51875 0.01875 0.00972222
2 0.799219 0.234028 0.05 0.0319444
7 0.309766 0.570139 0.0210938 0.0291667
1 0.196484 0.291667 0.0148437 0.0638889
2 0.812109 0.288889 0.0289063 0.0388889
1 0.214844 0.295139 0.015625 0.0597222
7 0.900391 0.603472 0.130469 0.0680556
1 0.441016 0.259722 0.0164062 0.075
7 0.775391 0.597222 0.152344 0.0861111
7 0.570703 0.584028 0.0164062 0.0319444
1 0.460547 0.263194 0.0179687 0.0652778
7 0.224219 0.577083 0.046875 0.0486111
7 0.919141 0.765278 0.161719 0.363889
7 0.475 0.584722 0.05625 0.05
7 0.537891 0.592361 0.0554687 0.0791667
7 0.281641 0.572917 0.0382813 0.0430556
7 0.735937 0.724306 0.276563 0.2375
