7 0.433203 0.420139 0.0289063 0.0402778
7 0.553516 0.400694 0.0101562 0.0180556
7 0.560156 0.400694 0.0125 0.0208333
7 0.566016 0.403472 0.0132813 0.0291667
7 0.496484 0.404167 0.0148437 0.025
7 0.509375 0.404167 0.0109375 0.0166667
7 0.583594 0.415278 0.021875 0.0472222
7 0.490625 0.404167 0.015625 0.0277778
7 0.571094 0.40625 0.0140625 0.0347222
1 0.530859 0.377778 0.00703125 0.0138889
7 0.484375 0.405556 0.0140625 0.0305556
7 0.468359 0.411806 0.0164062 0.0375
7 0.453516 0.4125 0.0210938 0.0416667
2 0.610156 0.369444 0.0078125 0.0138889
7 0.41875 0.428472 0.03125 0.0430556
7 0.593359 0.422222 0.0273438 0.0527778
7 0.577344 0.409722 0.0171875 0.0444444
7 0.478125 0.40625 0.015625 0.0319444
7 0.540234 0.404167 0.0132813 0.0194444
7 0.523828 0.405556 0.0164062 0.0194444
2 0.732031 0.270833 0.0265625 0.0527778
2 0.609766 0.351389 0.0148437 0.025
7 0.660547 0.457639 0.0929687 0.109722
7 0.358594 0.454861 0.0828125 0.109722
7 0.819141 0.494444 0.241406 0.255556
