7 0.502344 0.529861 0.0125 0.0236111
1 0.508203 0.484028 0.00546875 0.0125
2 0.620313 0.479167 0.0171875 0.0138889
2 0.599219 0.465972 0.0109375 0.0125
2 0.593359 0.480556 0.0117188 0.0111111
7 0.498828 0.532639 0.0117188 0.0236111
2 0.436328 0.415278 0.0148437 0.0111111
2 0.428516 0.445833 0.0164062 0.0138889
2 0.488672 0.501389 0.00859375 0.0194444
7 0.437109 0.554861 0.0414063 0.0930556
7 0.524219 0.530556 0.015625 0.0222222
7 0.606641 0.551389 0.0476562 0.0916667
7 0.374609 0.577083 0.0835937 0.1375
7 0.414453 0.561806 0.0585938 0.0986111
7 0.580469 0.547222 0.01875 0.0444444
2 0.784766 0.372222 0.0226563 0.0305556
2 0.265234 0.340278 0.0226563 0.0305556
7 0.627344 0.563194 0.0703125 0.0930556
7 0.483984 0.536111 0.0242187 0.0361111
7 0.464063 0.547222 0.028125 0.0527778
7 0.273828 0.611806 0.203906 0.220833
7 0.914453 0.702778 0.169531 0.469444
7 0.672266 0.596528 0.0945313 0.156944
7 0.119141 0.686806 0.238281 0.393056
7 0.813281 0.611111 0.251563 0.277778
