7 0.523047 0.513194 0.0117188 0.0152778
7 0.448047 0.531944 0.0242187 0.0333333
2 0.589063 0.5 0.0078125 0.0166667
1 0.662109 0.236111 0.0179687 0.05
7 0.506641 0.517361 0.0164062 0.0236111
1 0.810938 0.2375 0.0171875 0.0444444
2 0.496875 0.443056 0.0078125 0.0166667
7 0.467187 0.520139 0.0234375 0.0402778
2 0.605469 0.495139 0.009375 0.0180556
1 0.528906 0.482639 0.0078125 0.0180556
7 0.537891 0.516667 0.0117188 0.0138889
7 0.490234 0.520833 0.0164062 0.0277778
1 0.545703 0.482639 0.00703125 0.0180556
1 0.51875 0.235417 0.0171875 0.0513889
2 0.590234 0.441667 0.00859375 0.0166667
2 0.521875 0.443056 0.0078125 0.0166667
7 0.319531 0.554861 0.0234375 0.0486111
2 0.553516 0.441667 0.00859375 0.0166667
2 0.894531 0.258333 0.065625 0.0361111
7 0.35 0.554861 0.028125 0.0458333
7 0.0183594 0.631944 0.0367187 0.125
2 0.744531 0.46875 0.0265625 0.0291667
2 0.575 0.222917 0.025 0.0458333
5 0.643359 0.54375 0.0523437 0.0708333
7 0.271875 0.571528 0.0953125 0.0958333
7 0.412109 0.586111 0.100781 0.122222
7 0.165625 0.569444 0.120312 0.102778
7 0.591406 0.6 0.104687 0.158333
