2 0.364453 0.63125 0.00703125 0.0125
7 0.401563 0.651389 0.0078125 0.0111111
2 0.457812 0.610417 0.0171875 0.00972222
2 0.382812 0.628472 0.0125 0.0125
7 0.267578 0.659028 0.0210938 0.0208333
7 0.433984 0.654861 0.00859375 0.0152778
2 0.487109 0.549306 0.0164062 0.00972222
7 0.387891 0.65 0.0132813 0.0138889
2 0.0589844 0.597917 0.0304688 0.0708333
2 0.398828 0.627083 0.0132813 0.0125
2 0.572656 0.636111 0.0078125 0.0166667
7 0.474219 0.656944 0.0140625 0.0194444
2 0.407422 0.636806 0.00859375 0.0180556
2 0.767969 0.628472 0.021875 0.0458333
2 0.446094 0.586111 0.0203125 0.0361111
2 0.479297 0.578472 0.0335938 0.0541667
