7 0.209766 0.474306 0.0164062 0.0208333
2 0.0464844 0.377083 0.0195312 0.0319444
2 0.00390625 0.35625 0.0078125 0.0208333
7 0.232031 0.484722 0.0328125 0.0277778
1 0.308594 0.439583 0.0078125 0.0152778
1 0.145313 0.4125 0.009375 0.0194444
1 0.386328 0.436111 0.00859375 0.0166667
1 0.573828 0.449306 0.00859375 0.0263889
3 0.501953 0.522222 0.0101562 0.0416667
1 0.220313 0.433333 0.0078125 0.0166667
1 0.198437 0.436806 0.0078125 0.0152778
1 0.585547 0.45 0.0101562 0.025
1 0.117578 0.258333 0.0179687 0.0416667
2 0.180469 0.391667 0.01875 0.0416667
1 0.566797 0.336806 0.0132813 0.0458333
1 0.421484 0.438889 0.00859375 0.0194444
7 0.0265625 0.459722 0.0296875 0.0388889
1 0.452344 0.2125 0.0171875 0.0666667
7 0.191797 0.480556 0.0242187 0.0305556
0 0.917969 0.565278 0.159375 0.252778
7 0.0726563 0.48125 0.0796875 0.0736111
1 0.589453 0.331944 0.0132813 0.0472222
7 0.319141 0.49375 0.0273438 0.0319444
1 0.473437 0.211806 0.01875 0.0652778
7 0.289062 0.484722 0.0265625 0.0305556
2 0.521875 0.277083 0.0640625 0.0319444
7 0.396875 0.535417 0.0734375 0.101389
