7 0.469922 0.471528 0.0117188 0.0152778
2 0.870703 0.3625 0.0164062 0.025
1 0.430859 0.4125 0.00703125 0.0166667
7 0.645312 0.524306 0.0390625 0.0513889
7 0.630859 0.519444 0.0289063 0.0444444
7 0.533594 0.518056 0.015625 0.0583333
1 0.400781 0.435417 0.0078125 0.0180556
1 0.532422 0.429861 0.00703125 0.0208333
2 0.401172 0.459028 0.00703125 0.0152778
7 0.391406 0.486806 0.015625 0.0291667
2 0.757812 0.328472 0.0359375 0.0819444
7 0.316797 0.482639 0.0570313 0.0263889
2 0.891016 0.368056 0.0210938 0.0416667
2 0.400391 0.409722 0.0242187 0.0138889
2 0.383594 0.391667 0.0109375 0.0305556
7 0.549609 0.506944 0.0335938 0.0527778
7 0.692578 0.531944 0.0648438 0.0722222
7 0.594922 0.520139 0.0539063 0.0652778
7 0.751562 0.54375 0.1 0.0930556
7 0.496484 0.513194 0.0710938 0.123611
