2 0.639844 0.416667 0.0078125 0.00833333
7 0.655078 0.463194 0.0257812 0.0541667
7 0.546875 0.4625 0.0125 0.0166667
7 0.637109 0.459028 0.0117188 0.0319444
1 0.552344 0.395833 0.0078125 0.0194444
7 0.662891 0.463194 0.0179687 0.0625
1 0.607422 0.404167 0.00703125 0.0194444
7 0.646875 0.463194 0.01875 0.0486111
7 0.499219 0.463194 0.015625 0.0430556
1 0.0609375 0.277083 0.025 0.0486111
1 0.433984 0.106944 0.0195312 0.0805556
2 0.536719 0.392361 0.0203125 0.00972222
2 0.674219 0.4125 0.0109375 0.025
1 0.954687 0.272917 0.028125 0.0541667
1 0.687891 0.161806 0.0148437 0.0597222
1 0.454688 0.110417 0.0171875 0.0680556
7 0.518359 0.466667 0.0320312 0.0361111
7 0.486719 0.463194 0.01875 0.0541667
2 0.772656 0.311806 0.03125 0.0208333
1 0.702734 0.163194 0.0132813 0.0541667
7 0.692187 0.464583 0.0578125 0.0847222
7 0.455469 0.461806 0.053125 0.0680556
7 0.59375 0.470139 0.0765625 0.109722
7 0.0992187 0.528472 0.198437 0.201389
7 0.312109 0.48125 0.122656 0.120833
7 0.898438 0.495139 0.201562 0.356944
