7 0.256641 0.41875 0.0429688 0.0513889
1 0.494922 0.364583 0.00703125 0.0152778
2 0.646875 0.35625 0.015625 0.0125
2 0.40625 0.345833 0.0125 0.0138889
1 0.413672 0.365278 0.00703125 0.0166667
7 0.587109 0.4375 0.0273438 0.0361111
2 0.649219 0.379861 0.009375 0.0263889
7 0.286328 0.425694 0.0210938 0.0402778
2 0.657031 0.347222 0.015625 0.0111111
5 0.256641 0.41875 0.0429688 0.0513889
2 0.398047 0.361111 0.0195312 0.0222222
7 0.316406 0.430556 0.046875 0.0666667
7 0.521875 0.436111 0.0453125 0.0666667
7 0.451172 0.445833 0.0804688 0.161111
7 0.730859 0.451389 0.0757812 0.0944444
7 0.658594 0.522222 0.185937 0.219444
