2 0.853906 0.239583 0.0125 0.0180556
1 0.345313 0.3875 0.0109375 0.0277778
3 0.229687 0.495139 0.0171875 0.0791667
7 0.788281 0.434722 0.203125 0.161111
2 0.0292969 0.411111 0.0117188 0.0166667
2 0.540234 0.315972 0.0195312 0.0152778
3 0.0542969 0.503472 0.0164062 0.0569444
2 0.357812 0.334028 0.015625 0.0180556
2 0.849609 0.225694 0.0148437 0.0180556
7 0.298047 0.463889 0.0179687 0.025
2 0.348437 0.235417 0.0140625 0.0541667
1 0.879297 0.319444 0.0195312 0.0333333
7 0.0167969 0.757639 0.0335938 0.3125
1 0.365234 0.384028 0.0148437 0.0291667
7 0.195703 0.485417 0.0273438 0.0347222
2 0.882812 0.204861 0.0265625 0.0180556
2 0.541797 0.344444 0.0226563 0.0388889
3 0.186719 0.515278 0.0296875 0.0861111
3 0.819141 0.4375 0.0398437 0.208333
3 0.855078 0.439583 0.0398437 0.243056
3 0.266406 0.491667 0.021875 0.0777778
3 0.670313 0.484028 0.0390625 0.273611
2 0.858984 0.275694 0.0320312 0.0541667
3 0.571094 0.499306 0.09375 0.3125
7 0.112891 0.508333 0.0632813 0.0777778
