7 0.00742187 0.459722 0.0148437 0.0277778
2 0.371875 0.477778 0.00625 0.0111111
7 0.958984 0.395139 0.0335938 0.0291667
2 0.476172 0.382639 0.0132813 0.0180556
2 0.396875 0.452083 0.0203125 0.0236111
1 0.436328 0.434028 0.00703125 0.0152778
2 0.476172 0.456944 0.0101562 0.0222222
2 0.371875 0.467361 0.0078125 0.0152778
1 0.420703 0.434028 0.00703125 0.0152778
2 0.507422 0.384722 0.0132813 0.0166667
2 0.522656 0.386111 0.0109375 0.0166667
2 0.74375 0.3875 0.0171875 0.025
2 0.825 0.306944 0.03125 0.0333333
2 0.690625 0.382639 0.009375 0.0152778
2 0.469141 0.430556 0.0132813 0.0361111
2 0.45625 0.453472 0.01875 0.0236111
7 0.696094 0.4125 0.0296875 0.0277778
2 0.817187 0.160417 0.165625 0.234722
2 0.747266 0.329861 0.0289063 0.0486111
2 0.321484 0.455556 0.0195312 0.0333333
2 0.420703 0.359028 0.0601562 0.0819444
2 0.353125 0.361806 0.05625 0.0819444
