1 0.35625 0.470833 0.00625 0.0111111
3 0.580859 0.5125 0.0117188 0.0583333
1 0.399609 0.470139 0.00703125 0.0125
2 0.625 0.415972 0.01875 0.0152778
3 0.639453 0.522917 0.0101562 0.0625
3 0.632812 0.522222 0.0140625 0.0638889
3 0.648828 0.520139 0.0148437 0.0708333
7 0.962109 0.572222 0.0757812 0.172222
3 0.673828 0.509722 0.0164062 0.0555556
7 0.0378906 0.532639 0.0757812 0.0625
7 0.445312 0.527778 0.021875 0.05
7 0.119531 0.520833 0.065625 0.0527778
7 0.316797 0.522917 0.0382813 0.0458333
7 0.371094 0.520139 0.03125 0.0486111
2 0.226562 0.459722 0.0359375 0.0666667
7 0.811328 0.611806 0.377344 0.434722
7 0.510156 0.532639 0.0640625 0.0875
7 0.407422 0.55625 0.0851562 0.118056
7 0.25625 0.551389 0.115625 0.125
