2 0.519922 0.641667 0.00703125 0.0138889
1 0.514063 0.641667 0.00625 0.0138889
1 0.533594 0.638194 0.00625 0.0125
7 0.322266 0.654861 0.0195312 0.0236111
7 0.282422 0.654861 0.0132813 0.0236111
7 0.711719 0.6625 0.05 0.0555556
1 0.486719 0.634028 0.0078125 0.0180556
7 0.641406 0.6625 0.0390625 0.0416667
2 0.4625 0.626389 0.00625 0.0166667
7 0.261328 0.657639 0.0304688 0.0291667
7 0.233984 0.657639 0.0289063 0.0319444
7 0.429297 0.649306 0.0304688 0.0375
2 0.378125 0.638889 0.0140625 0.025
7 0.754687 0.672222 0.0578125 0.0611111
2 0.442969 0.595833 0.0109375 0.0305556
7 0.0511719 0.724306 0.102344 0.1875
2 0.380078 0.513889 0.0304688 0.0777778
2 0.187109 0.249306 0.0914062 0.193056
