7 0.434375 0.313194 0.0109375 0.0152778
2 0.412891 0.204167 0.0164062 0.0333333
1 0.420312 0.272917 0.0078125 0.0180556
7 0.223828 0.310417 0.0257812 0.0236111
1 0.614453 0.307639 0.00859375 0.0152778
2 0.647266 0.222917 0.0257812 0.0402778
1 0.505859 0.229861 0.00859375 0.0236111
1 0.428516 0.199306 0.0101562 0.0319444
2 0.621484 0.185417 0.0179687 0.0652778
7 0.941406 0.405556 0.117188 0.391667
1 0.283984 0.180556 0.0101562 0.0333333
1 0.272656 0.180556 0.009375 0.0333333
2 0.521875 0.225 0.015625 0.0305556
7 0.423047 0.328472 0.0195312 0.0291667
7 0.458203 0.336111 0.0273438 0.0444444
5 0.748438 0.352778 0.20625 0.275
