7 0.666016 0.513889 0.0195312 0.0277778
7 0.779688 0.508333 0.04375 0.0416667
1 0.132812 0.44375 0.0109375 0.0208333
1 0.752344 0.467361 0.00625 0.0152778
7 0.641797 0.50625 0.0132813 0.0263889
2 0.595312 0.484722 0.00625 0.0138889
7 0.651953 0.509028 0.0179687 0.0263889
2 0.128906 0.396528 0.01875 0.0152778
7 0.526172 0.502083 0.0195312 0.0236111
7 0.674219 0.516667 0.0265625 0.0388889
1 0.513281 0.4 0.009375 0.0222222
2 0.615625 0.427778 0.015625 0.0166667
1 0.300781 0.356944 0.0125 0.0388889
2 0.586328 0.443056 0.0226563 0.0166667
1 0.764844 0.465972 0.009375 0.0180556
7 0.492969 0.500694 0.0265625 0.0347222
7 0.467969 0.501389 0.021875 0.0305556
2 0.762109 0.431944 0.0132813 0.0111111
1 0.690625 0.398611 0.009375 0.0361111
7 0.573438 0.496528 0.0109375 0.0125
1 0.68125 0.396528 0.009375 0.0347222
7 0.630859 0.502778 0.0164062 0.0277778
7 0.240625 0.522222 0.05 0.0444444
2 0.530078 0.452778 0.0132813 0.0166667
2 0.484375 0.419444 0.0171875 0.0305556
2 0.483984 0.469444 0.0164062 0.0305556
7 0.128125 0.524306 0.15 0.1125
7 0.318359 0.533333 0.103906 0.105556
7 0.433984 0.509722 0.0492188 0.0555556
0 0.9 0.513194 0.2 0.2375
7 0.734375 0.6125 0.189063 0.247222
