7 0.569141 0.494444 0.0117188 0.0138889
7 0.687109 0.531944 0.0601562 0.0444444
2 0.601172 0.400694 0.0179687 0.0180556
1 0.324219 0.190972 0.0171875 0.0708333
2 0.157813 0.395139 0.0109375 0.0208333
7 0.886328 0.563194 0.108594 0.0680556
7 0.633984 0.511806 0.0507812 0.0375
1 0.303125 0.193056 0.0203125 0.0694444
7 0.961328 0.579167 0.0757812 0.0583333
1 0.461719 0.261111 0.015625 0.0416667
7 0.8125 0.552778 0.0625 0.0611111
1 0.0800781 0.0631944 0.0226563 0.0875
2 0.607031 0.418056 0.025 0.0194444
2 0.459375 0.419444 0.0140625 0.0222222
2 0.558203 0.477778 0.0117188 0.0305556
2 0.517578 0.426389 0.0273438 0.0444444
7 0.476172 0.495139 0.0992187 0.123611
