7 0.403516 0.446528 0.0164062 0.0208333
7 0.454688 0.45 0.009375 0.0138889
7 0.464453 0.452083 0.0132813 0.0208333
2 0.300391 0.356944 0.0148437 0.0111111
7 0.422266 0.445139 0.0132813 0.0180556
7 0.476562 0.451389 0.0171875 0.0305556
1 0.420312 0.400694 0.00625 0.0152778
2 0.290234 0.345139 0.0164062 0.0125
7 0.386328 0.452083 0.0132813 0.0180556
1 0.451953 0.404167 0.00703125 0.0166667
2 0.304688 0.329167 0.0109375 0.0194444
7 0.371094 0.441667 0.0203125 0.0388889
2 0.494141 0.425694 0.00859375 0.0152778
7 0.790625 0.544444 0.315625 0.280556
7 0.3375 0.427778 0.053125 0.0805556
2 0.299219 0.377778 0.01875 0.0305556
7 0.495703 0.453472 0.0304688 0.0430556
2 0.322656 0.344444 0.0265625 0.0472222
5 0.643359 0.372917 0.219531 0.393056
