7 0.522656 0.535417 0.0140625 0.0263889
7 0.553125 0.526389 0.0109375 0.0166667
7 0.541016 0.53125 0.0148437 0.0208333
7 0.514453 0.536806 0.0179687 0.0263889
7 0.528125 0.534028 0.0140625 0.0236111
7 0.597266 0.530556 0.0195312 0.0305556
7 0.617969 0.541667 0.021875 0.0444444
2 0.397656 0.448611 0.015625 0.0555556
7 0.48125 0.554861 0.0390625 0.0430556
2 0.603906 0.500694 0.0078125 0.0152778
7 0.124219 0.679167 0.248437 0.311111
7 0.410547 0.563889 0.0507812 0.119444
7 0.655859 0.55 0.0648438 0.0777778
7 0.327344 0.579861 0.15 0.170833
7 0.865234 0.596528 0.269531 0.359722
