7 0.564062 0.459722 0.0125 0.0166667
7 0.628125 0.459722 0.0125 0.0138889
1 0.631641 0.430556 0.00546875 0.0111111
1 0.337891 0.420833 0.00859375 0.0166667
3 0.869531 0.511111 0.0375 0.197222
7 0.657812 0.468056 0.0125 0.0194444
2 0.198828 0.340278 0.0226563 0.0194444
1 0.557031 0.422222 0.00625 0.0138889
7 0.2 0.469444 0.0796875 0.0416667
7 0.667188 0.46875 0.015625 0.0263889
1 0.192969 0.39375 0.0171875 0.0208333
1 0.503125 0.422222 0.00625 0.0138889
1 0.526563 0.415972 0.0078125 0.0152778
1 0.588281 0.410417 0.00625 0.0152778
1 0.621094 0.4125 0.00625 0.0138889
1 0.657422 0.317361 0.0117188 0.0319444
1 0.345703 0.398611 0.0101562 0.0194444
2 0.348047 0.373611 0.0164062 0.0111111
1 0.467187 0.327083 0.0109375 0.0347222
1 0.740625 0.414583 0.0109375 0.0208333
1 0.782031 0.260417 0.0109375 0.0347222
2 0.691797 0.409722 0.00859375 0.0194444
7 0.689453 0.475 0.0335938 0.0444444
2 0.730078 0.374306 0.0195312 0.0152778
2 0.685156 0.323611 0.0203125 0.025
