7 0.167969 0.252778 0.075 0.0611111
7 0.363672 0.264583 0.0101562 0.0263889
1 0.369531 0.234722 0.00625 0.0138889
1 0.383203 0.195833 0.00703125 0.0166667
2 0.483984 0.193056 0.0132813 0.025
1 0.364844 0.20625 0.00625 0.0152778
2 0.329688 0.225694 0.0109375 0.0319444
2 0.434375 0.222917 0.0140625 0.0180556
7 0.348437 0.26875 0.0265625 0.0430556
7 0.392969 0.272917 0.028125 0.0402778
2 0.283203 0.0625 0.0382813 0.102778
7 0.443359 0.289583 0.0773437 0.0902778
7 0.598437 0.365278 0.24375 0.266667
