2 0.705469 0.559722 0.0171875 0.025
2 0.669922 0.556944 0.00859375 0.0222222
2 0.362109 0.5375 0.0132813 0.0277778
2 0.596484 0.565972 0.0101562 0.0208333
2 0.642187 0.563194 0.0109375 0.0208333
7 0.558594 0.569444 0.03125 0.0361111
2 0.688281 0.559028 0.0125 0.0236111
2 0.507812 0.458333 0.015625 0.025
2 0.536719 0.536111 0.0125 0.0277778
2 0.775391 0.567361 0.0179687 0.0402778
2 0.722656 0.557639 0.0125 0.0263889
2 0.507812 0.488889 0.015625 0.0333333
2 0.749609 0.556944 0.0148437 0.0333333
2 0.508594 0.420139 0.0296875 0.0486111
2 0.839844 0.570833 0.028125 0.0583333
