7 0.544922 0.114583 0.0101562 0.0152778
1 0.776172 0.0173611 0.0101562 0.0319444
1 0.499219 0.0215278 0.0078125 0.0236111
1 0.533203 0.0333333 0.00703125 0.0222222
2 0.626562 0.075 0.0109375 0.0194444
7 0.554688 0.11875 0.0125 0.0263889
2 0.385938 0.0368056 0.0109375 0.0263889
2 0.604688 0.102083 0.0140625 0.0236111
7 0.524219 0.129861 0.0265625 0.0375
7 0.570312 0.125694 0.028125 0.0375
5 0.506641 0.0986111 0.0242187 0.0583333
7 0.481641 0.13125 0.0335938 0.0513889
2 0.453516 0.0513889 0.0273438 0.0416667
7 0.746094 0.235417 0.184375 0.206944
7 0.219531 0.294444 0.304688 0.305556
