3 0.654297 0.659722 0.0585938 0.125
1 0.165625 0.517361 0.0125 0.0347222
7 0.515234 0.61875 0.0101562 0.0208333
2 0.55 0.550694 0.0109375 0.00972222
1 0.498828 0.579167 0.00546875 0.0138889
1 0.449219 0.536111 0.0078125 0.0194444
3 0.646094 0.661806 0.0234375 0.120833
7 0.611719 0.630556 0.034375 0.0472222
2 0.146484 0.583333 0.0179687 0.0361111
2 0.614453 0.529167 0.0148437 0.0111111
1 0.535937 0.526389 0.0078125 0.025
7 0.478125 0.61875 0.0203125 0.0291667
1 0.101172 0.180556 0.0273438 0.0888889
2 0.551172 0.520833 0.0101562 0.0166667
1 0.0652344 0.182639 0.0242187 0.0819444
7 0.526563 0.621528 0.0203125 0.0263889
3 0.665625 0.661806 0.025 0.131944
7 0.4125 0.657639 0.078125 0.115278
7 0.742188 0.652778 0.101562 0.113889
0 0.313281 0.60625 0.1125 0.143056
