7 0.0078125 0.558333 0.015625 0.0472222
2 0.495313 0.51875 0.009375 0.0180556
2 0.189453 0.450694 0.0257812 0.0152778
1 0.104297 0.423611 0.0132813 0.0333333
1 0.505859 0.548611 0.0179687 0.025
1 0.427344 0.556944 0.009375 0.0194444
2 0.503125 0.490278 0.01875 0.0166667
1 0.317187 0.4625 0.009375 0.0277778
1 0.229687 0.441667 0.0109375 0.0277778
7 0.286328 0.588194 0.0195312 0.0291667
7 0.108984 0.561111 0.0257812 0.0472222
7 0.299219 0.597222 0.0203125 0.0416667
2 0.343359 0.53125 0.0101562 0.0208333
7 0.0261719 0.559722 0.0476562 0.0444444
2 0.187109 0.475 0.0195312 0.0361111
7 0.0753906 0.55625 0.0351562 0.0402778
2 0.416406 0.538194 0.0171875 0.0152778
2 0.209375 0.518056 0.0171875 0.025
7 0.371484 0.6125 0.0320312 0.0444444
2 0.350391 0.466667 0.0382813 0.0222222
7 0.329688 0.609028 0.05625 0.0875
7 0.823438 0.752778 0.31875 0.272222
7 0.245703 0.594444 0.0679687 0.108333
7 0.598437 0.670139 0.1625 0.168056
