7 0.4875 0.427083 0.0109375 0.0125
1 0.268359 0.25625 0.0101562 0.0402778
1 0.266016 0.416667 0.00859375 0.0194444
2 0.503516 0.393056 0.0148437 0.00833333
1 0.256641 0.261111 0.0117188 0.0416667
1 0.490234 0.392361 0.00703125 0.0152778
1 0.0425781 0.3875 0.0132813 0.0277778
1 0.201562 0.243056 0.015625 0.05
1 0.676172 0.324306 0.0179687 0.0319444
2 0.267578 0.286111 0.0195312 0.0333333
2 0.257422 0.364583 0.0195312 0.0152778
2 0.0546875 0.325694 0.0203125 0.0569444
1 0.748047 0.273611 0.0242187 0.0388889
1 0.410937 0.120833 0.0171875 0.0666667
1 0.660156 0.2375 0.0140625 0.0611111
2 0.842969 0.289583 0.0265625 0.0486111
2 0.135547 0.268056 0.0648438 0.0277778
7 0.408203 0.48125 0.0382813 0.0513889
2 0.486328 0.123611 0.0398437 0.075
2 0.678125 0.0194444 0.115625 0.0361111
7 0.809375 0.452083 0.103125 0.0541667
