7 0.395703 0.516667 0.0179687 0.0388889
7 0.545703 0.516667 0.0460938 0.0805556
7 0.385547 0.514583 0.0257812 0.0486111
7 0.262891 0.552083 0.0570313 0.104167
7 0.409375 0.509028 0.0203125 0.0458333
7 0.501172 0.505556 0.0164062 0.0305556
1 0.430469 0.455556 0.00625 0.0166667
7 0.366406 0.51875 0.028125 0.0486111
7 0.303516 0.540972 0.0507812 0.0819444
7 0.332812 0.527083 0.0453125 0.0819444
7 0.0589844 0.628472 0.117969 0.315278
7 0.569141 0.529167 0.0507812 0.0972222
7 0.848047 0.606944 0.299219 0.416667
7 0.527734 0.501389 0.0429688 0.0861111
7 0.464844 0.515278 0.034375 0.0472222
7 0.610937 0.540278 0.06875 0.127778
7 0.706641 0.54375 0.185156 0.2375
