2 0.198437 0.379861 0.0171875 0.0208333
7 0.521875 0.444444 0.015625 0.0416667
2 0.278516 0.361111 0.0304688 0.075
8 0.480078 0.445833 0.0164062 0.0555556
7 0.466797 0.438889 0.0148437 0.025
1 0.505859 0.380556 0.00859375 0.0166667
6 0.480078 0.466667 0.0148437 0.0416667
7 0.437891 0.438194 0.0148437 0.0263889
7 0.452344 0.4375 0.01875 0.0361111
1 0.0101562 0.232639 0.0203125 0.0763889
7 0.502734 0.447917 0.0210938 0.0347222
2 0.5125 0.360417 0.028125 0.0402778
2 0.0109375 0.122222 0.021875 0.05
7 0.544141 0.450694 0.0398437 0.0680556
2 0.0195312 0.373611 0.0359375 0.0472222
2 0.410547 0.340278 0.0164062 0.0388889
7 0.414062 0.448611 0.0421875 0.0611111
7 0.123438 0.443056 0.0921875 0.0805556
7 0.588281 0.465972 0.075 0.106944
7 0.843359 0.543056 0.311719 0.383333
