2 0.482812 0.49375 0.0109375 0.00972222
7 0.442969 0.527778 0.015625 0.025
1 0.480078 0.479861 0.00546875 0.0125
7 0.373437 0.525694 0.0171875 0.0263889
1 0.415625 0.478472 0.00625 0.0152778
7 0.358984 0.524306 0.0164062 0.0291667
7 0.313672 0.519444 0.0289063 0.0472222
7 0.483984 0.531944 0.0148437 0.0361111
7 0.342578 0.526389 0.0195312 0.0305556
2 0.517187 0.486111 0.0078125 0.0222222
7 0.296875 0.521528 0.025 0.0486111
7 0.1375 0.527778 0.065625 0.0805556
7 0.495313 0.535417 0.01875 0.0430556
7 0.464844 0.528472 0.0171875 0.0236111
2 0.625 0.373611 0.015625 0.025
7 0.890234 0.620833 0.219531 0.227778
7 0.513672 0.545139 0.0382813 0.0708333
7 0.0753906 0.529167 0.0820312 0.0861111
7 0.414844 0.530556 0.028125 0.0388889
7 0.0195312 0.529167 0.0390625 0.111111
7 0.262109 0.519444 0.0523437 0.0611111
7 0.567187 0.563889 0.0875 0.133333
7 0.726562 0.554861 0.298438 0.273611
