1 0.423047 0.423611 0.00546875 0.025
7 0.353516 0.523611 0.0179687 0.0166667
7 0.382031 0.521528 0.0140625 0.0208333
1 0.410156 0.488194 0.0046875 0.0125
1 0.240234 0.492361 0.00859375 0.0152778
7 0.444141 0.518056 0.0117188 0.025
7 0.457812 0.520139 0.0203125 0.0263889
2 0.455078 0.486111 0.00703125 0.0166667
7 0.314453 0.524306 0.0148437 0.0236111
1 0.428906 0.422222 0.0078125 0.025
7 0.522656 0.523611 0.0359375 0.0722222
1 0.275391 0.41875 0.0101562 0.0263889
1 0.413281 0.471528 0.00625 0.0152778
7 0.326562 0.525 0.0140625 0.0222222
7 0.301953 0.527778 0.0164062 0.025
7 0.405469 0.517361 0.0125 0.0180556
7 0.490625 0.51875 0.0390625 0.0597222
2 0.247266 0.449306 0.0148437 0.0125
7 0.282031 0.529167 0.028125 0.0333333
7 0.553125 0.530556 0.0578125 0.0916667
7 0.209766 0.538194 0.0507812 0.0541667
7 0.107031 0.55 0.05625 0.0805556
7 0.0460938 0.572917 0.0921875 0.0986111
7 0.158594 0.54375 0.0578125 0.0736111
7 0.677344 0.561806 0.139062 0.159722
7 0.599219 0.542361 0.0859375 0.1125
7 0.863672 0.573611 0.271094 0.336111
