2 0.426953 0.38125 0.0242187 0.0152778
2 0.379297 0.438889 0.00703125 0.0166667
1 0.349219 0.434028 0.00625 0.0152778
1 0.30625 0.423611 0.0078125 0.0194444
2 0.641016 0.345139 0.0226563 0.0402778
1 0.396484 0.254861 0.0132813 0.0458333
7 0.33125 0.493056 0.0140625 0.0305556
1 0.675781 0.327083 0.0203125 0.0458333
1 0.167969 0.190972 0.0125 0.0347222
1 0.446094 0.407639 0.0109375 0.0236111
1 0.265234 0.227083 0.0132813 0.0513889
1 0.115234 0.354167 0.0257812 0.0333333
7 0.374609 0.495833 0.0179687 0.0388889
2 0.145313 0.316667 0.04375 0.0277778
2 0.646875 0.308333 0.0515625 0.0361111
7 0.390234 0.500694 0.0304688 0.0402778
7 0.312109 0.511806 0.0445312 0.115278
2 0.653516 0.252778 0.0289063 0.0777778
7 0.171094 0.51875 0.30625 0.423611
