7 0.4375 0.294444 0.015625 0.0305556
7 0.472656 0.291667 0.0125 0.025
2 0.392969 0.25625 0.0109375 0.00972222
1 0.482422 0.243056 0.00546875 0.0138889
2 0.503516 0.248611 0.0117188 0.00833333
7 0.524219 0.292361 0.0171875 0.0291667
7 0.738281 0.278472 0.053125 0.0652778
7 0.633594 0.270139 0.0546875 0.0541667
7 0.0570313 0.561111 0.114063 0.369444
7 0.457031 0.298611 0.03125 0.0444444
7 0.672656 0.279861 0.0875 0.0708333
7 0.498828 0.311111 0.0460938 0.0666667
7 0.410547 0.316667 0.0554687 0.0694444
7 0.06875 0.360417 0.1375 0.229167
7 0.324219 0.35625 0.126563 0.143056
