7 0.567578 0.410417 0.0273438 0.0430556
7 0.468359 0.388889 0.0179687 0.025
7 0.371484 0.394444 0.0492188 0.0388889
7 0.542969 0.397917 0.0203125 0.0319444
7 0.487891 0.391667 0.0210938 0.0305556
7 0.557422 0.40625 0.0195312 0.0347222
7 0.576563 0.414583 0.0265625 0.0486111
7 0.305469 0.402083 0.0421875 0.0430556
2 0.721094 0.291667 0.015625 0.05
7 0.407813 0.39375 0.01875 0.0263889
7 0.423047 0.389583 0.0164062 0.0236111
7 0.513672 0.390278 0.0179687 0.025
7 0.219141 0.407639 0.0601562 0.0625
7 0.442969 0.3875 0.021875 0.0277778
7 0.263672 0.402083 0.0429688 0.0541667
7 0.723828 0.460417 0.107031 0.140278
7 0.607422 0.426389 0.0523437 0.0638889
7 0.667578 0.4375 0.0757812 0.1
7 0.855859 0.496528 0.230469 0.209722
7 0.040625 0.417361 0.08125 0.123611
