1 0.628125 0.496528 0.0078125 0.0152778
7 0.485938 0.531944 0.0109375 0.025
7 0.656641 0.549306 0.0320312 0.0458333
2 0.407422 0.439583 0.0195312 0.0152778
1 0.971875 0.336806 0.015625 0.0430556
1 0.518359 0.475 0.00703125 0.0194444
1 0.597266 0.479861 0.00859375 0.0236111
7 0.430078 0.545833 0.0289063 0.0722222
2 0.200781 0.1375 0.121875 0.0861111
2 0.448828 0.425 0.0117188 0.0277778
7 0.469922 0.53125 0.0257812 0.0375
7 0.548437 0.541667 0.03125 0.0611111
2 0.407422 0.470139 0.0132813 0.0291667
7 0.509766 0.545139 0.0414063 0.0569444
7 0.382031 0.545139 0.08125 0.118056
7 0.719922 0.574306 0.114844 0.118056
7 0.891797 0.703472 0.216406 0.476389
7 0.596875 0.564583 0.0859375 0.104167
