1 0.372266 0.231944 0.00703125 0.0333333
1 0.364062 0.232639 0.009375 0.0375
7 0.546875 0.389583 0.021875 0.0486111
1 0.489453 0.25625 0.00859375 0.0319444
1 0.221484 0.325 0.0179687 0.0222222
3 0.271094 0.366667 0.0140625 0.025
1 0.497266 0.25625 0.00703125 0.0291667
7 0.576953 0.407639 0.0695312 0.106944
7 0.328906 0.403472 0.0625 0.0958333
7 0.3875 0.397917 0.0375 0.0847222
7 0.875 0.468056 0.248437 0.422222
7 0.603516 0.424306 0.0757812 0.115278
7 0.299609 0.421528 0.0679687 0.0958333
7 0.246875 0.438889 0.10625 0.133333
7 0.708984 0.426389 0.183594 0.219444
7 0.117969 0.450694 0.232812 0.279167
7 0.465625 0.440972 0.165625 0.265278
