7 0.410156 0.584028 0.0125 0.0152778
7 0.392969 0.590278 0.0140625 0.0166667
2 0.498828 0.581944 0.00703125 0.0138889
2 0.519922 0.582639 0.0117188 0.0125
1 0.440625 0.568056 0.00625 0.0138889
1 0.473437 0.556944 0.0078125 0.0166667
2 0.58125 0.573611 0.0171875 0.0194444
7 0.830469 0.6375 0.028125 0.05
2 0.452734 0.533333 0.0101562 0.0222222
2 0.514844 0.564583 0.00625 0.0152778
7 0.311328 0.596528 0.0351562 0.0347222
5 0.254297 0.58125 0.0835937 0.0986111
2 0.20625 0.558333 0.034375 0.0527778
2 0.208984 0.504861 0.0320312 0.0513889
2 0.216016 0.255556 0.0679687 0.136111
7 0.122656 0.605556 0.146875 0.119444
