1 0.503516 0.478472 0.00546875 0.0125
7 0.49375 0.54375 0.0140625 0.0347222
4 0.182031 0.579861 0.0265625 0.0625
8 0.179688 0.55625 0.0203125 0.0763889
1 0.434766 0.477778 0.00703125 0.0166667
7 0.477734 0.540972 0.0226563 0.0430556
2 0.526953 0.477778 0.0179687 0.00833333
2 0.605859 0.404167 0.0164062 0.0277778
3 0.234766 0.550694 0.0117188 0.0569444
7 0.457031 0.565278 0.0328125 0.0944444
7 0.825391 0.664583 0.349219 0.501389
7 0.521484 0.551389 0.0554687 0.102778
7 0.0824219 0.5875 0.163281 0.188889
7 0.358594 0.585417 0.196875 0.2875
