1 0.533594 0.420833 0.009375 0.0194444
7 0.485156 0.493056 0.021875 0.0444444
7 0.477344 0.495139 0.021875 0.0458333
7 0.556641 0.484722 0.0132813 0.0194444
7 0.510547 0.48125 0.0148437 0.0208333
7 0.598437 0.508333 0.0234375 0.0555556
1 0.563672 0.415972 0.00859375 0.0236111
7 0.497656 0.4875 0.0203125 0.0416667
7 0.576953 0.492361 0.0335938 0.0513889
7 0.586719 0.501389 0.028125 0.05
7 0.455078 0.497222 0.0367187 0.0666667
7 0.616406 0.518056 0.034375 0.0861111
7 0.725781 0.556944 0.117188 0.188889
7 0.310547 0.530556 0.103906 0.188889
7 0.664453 0.524306 0.0960938 0.143056
7 0.426562 0.504167 0.05 0.0861111
7 0.391797 0.517361 0.0820312 0.106944
7 0.866406 0.627083 0.267188 0.381944
7 0.153516 0.560417 0.302344 0.331944
