7 0.434766 0.434028 0.0210938 0.0680556
2 0.569922 0.378472 0.0117188 0.00972222
7 0.476562 0.428472 0.015625 0.0402778
7 0.467969 0.427778 0.0234375 0.05
7 0.553125 0.434028 0.0203125 0.0486111
7 0.488281 0.430556 0.0125 0.025
7 0.536719 0.436806 0.015625 0.0291667
7 0.425391 0.439583 0.0320312 0.0819444
7 0.451953 0.434722 0.0273438 0.0527778
7 0.576953 0.434722 0.0382813 0.0833333
7 0.596875 0.439583 0.05 0.0875
2 0.651563 0.33125 0.021875 0.0375
7 0.373047 0.4375 0.100781 0.141667
3 0.930078 0.503472 0.0429688 0.1875
7 0.623438 0.464583 0.0796875 0.0902778
