7 0.434766 0.604167 0.0117188 0.0194444
1 0.65625 0.539583 0.0109375 0.0236111
7 0.376953 0.609722 0.0164062 0.025
7 0.0515625 0.725 0.101562 0.313889
7 0.403906 0.603472 0.009375 0.0125
7 0.361719 0.6125 0.015625 0.0277778
7 0.44375 0.610417 0.015625 0.0319444
7 0.782422 0.652083 0.117969 0.1125
1 0.562109 0.278472 0.0164062 0.0763889
7 0.902344 0.69375 0.195312 0.215278
7 0.316016 0.620833 0.0351562 0.0583333
1 0.925781 0.476389 0.0203125 0.0472222
1 0.676562 0.538194 0.0140625 0.0263889
7 0.334375 0.614583 0.0328125 0.0541667
7 0.417969 0.602778 0.0140625 0.0194444
1 0.576563 0.284028 0.0140625 0.0708333
7 0.457812 0.615972 0.0265625 0.0513889
1 0.183203 0.359722 0.0117188 0.0555556
2 0.894141 0.428472 0.0351562 0.0375
1 0.195703 0.359028 0.0148437 0.0652778
1 0.2125 0.359722 0.015625 0.0638889
1 0.543359 0.280556 0.0179687 0.0722222
7 0.282422 0.63125 0.0585938 0.0763889
7 0.480078 0.629861 0.0492188 0.0680556
7 0.554297 0.693056 0.158594 0.183333
