7 0.508594 0.375694 0.009375 0.0152778
2 0.602734 0.324306 0.0101562 0.00972222
2 0.574609 0.357639 0.00703125 0.0180556
7 0.551562 0.372222 0.0078125 0.0138889
7 0.497656 0.380556 0.015625 0.0194444
7 0.482422 0.385417 0.0148437 0.0291667
7 0.467578 0.389583 0.0226563 0.0402778
7 0.560547 0.378472 0.0117188 0.0208333
7 0.570703 0.384028 0.0179687 0.0319444
7 0.615234 0.402083 0.0429688 0.0680556
2 0.807813 0.138194 0.0484375 0.0263889
2 0.308203 0.279861 0.0257812 0.0152778
7 0.587109 0.389583 0.0273438 0.0486111
7 0.444922 0.391667 0.0335938 0.05
7 0.530859 0.372222 0.0117188 0.0138889
2 0.209375 0.26875 0.0265625 0.0208333
7 0.674219 0.406944 0.090625 0.105556
7 0.396875 0.396528 0.0734375 0.0791667
7 0.837891 0.440972 0.260156 0.234722
