7 0.639453 0.346528 0.0148437 0.0236111
7 0.619141 0.354167 0.0226563 0.0333333
7 0.664453 0.338194 0.0289063 0.0375
7 0.727344 0.334722 0.034375 0.0666667
2 0.522656 0.317361 0.025 0.0541667
2 0.355859 0.220833 0.0242187 0.0361111
2 0.448438 0.292361 0.0296875 0.0680556
7 0.755078 0.3375 0.0367187 0.075
7 0.696094 0.33125 0.0375 0.0513889
2 0.891016 0.148611 0.0429688 0.0777778
2 0.344922 0.270139 0.0492188 0.0486111
7 0.816406 0.336111 0.0984375 0.102778
7 0.576953 0.436806 0.0976562 0.1375
2 0.885156 0.05625 0.053125 0.0958333
