2 0.522266 0.409028 0.0195312 0.0125
2 0.688281 0.323611 0.0171875 0.0305556
1 0.150391 0.398611 0.0242187 0.0305556
1 0.226562 0.358333 0.0109375 0.0416667
1 0.523047 0.390972 0.0101562 0.0236111
1 0.630469 0.431944 0.0109375 0.025
1 0.323047 0.305556 0.0101562 0.0388889
1 0.219141 0.429861 0.0132813 0.0208333
1 0.645312 0.43125 0.0140625 0.0263889
2 0.630078 0.4 0.0257812 0.0194444
2 0.228516 0.386806 0.0195312 0.0125
2 0.112109 0.319444 0.0210938 0.0972222
2 0.630859 0.325 0.0289063 0.0416667
2 0.244531 0.297917 0.0640625 0.0263889
7 0.465234 0.507639 0.0539063 0.106944
7 0.892187 0.540278 0.215625 0.388889
7 0.361328 0.56875 0.208594 0.293056
7 0.565234 0.55 0.180469 0.191667
