3 0.70625 0.539583 0.009375 0.0347222
1 0.473828 0.490972 0.00546875 0.0152778
7 0.473437 0.51875 0.015625 0.0236111
7 0.506641 0.515278 0.0101562 0.0194444
1 0.496875 0.474306 0.00625 0.0125
7 0.559766 0.520833 0.0148437 0.0222222
1 0.676953 0.441667 0.00859375 0.0277778
2 0.691016 0.442361 0.0148437 0.0236111
7 0.642969 0.535417 0.021875 0.0319444
3 0.836719 0.540972 0.0125 0.0430556
2 0.784375 0.465278 0.01875 0.0138889
7 0.489844 0.515972 0.0140625 0.0208333
1 0.496875 0.433333 0.0078125 0.0222222
7 0.620313 0.527083 0.021875 0.0291667
2 0.378906 0.44375 0.01875 0.0125
7 0.545703 0.522222 0.0179687 0.025
7 0.519141 0.51875 0.0195312 0.0291667
7 0.599609 0.525 0.0195312 0.0305556
2 0.478906 0.429861 0.0125 0.0152778
7 0.581641 0.528472 0.0226563 0.0291667
2 0.45625 0.43125 0.025 0.0152778
7 0.336328 0.536111 0.0476562 0.0916667
2 0.785156 0.413889 0.015625 0.0416667
7 0.673437 0.542361 0.0453125 0.0708333
7 0.0660156 0.593056 0.132031 0.261111
7 0.267188 0.538889 0.115625 0.138889
7 0.189844 0.561806 0.1375 0.151389
7 0.791797 0.557639 0.0945313 0.104167
7 0.435156 0.53125 0.06875 0.109722
