7 0.375781 0.375694 0.0171875 0.0236111
1 0.403906 0.3375 0.0046875 0.0111111
1 0.744922 0.309722 0.0132813 0.0277778
2 0.365234 0.348611 0.00546875 0.0111111
1 0.328906 0.329167 0.00625 0.0166667
7 0.504297 0.390972 0.0117188 0.0263889
1 0.295703 0.314583 0.00703125 0.0180556
1 0.733594 0.309028 0.0125 0.0291667
1 0.395312 0.302083 0.0078125 0.0180556
2 0.724609 0.174306 0.0257812 0.0208333
1 0.379297 0.339583 0.00703125 0.0152778
1 0.476562 0.302778 0.0078125 0.0166667
7 0.514453 0.392361 0.0164062 0.0347222
3 0.639063 0.377083 0.0109375 0.0263889
7 0.526953 0.393056 0.0179687 0.0472222
7 0.464844 0.375694 0.0140625 0.0208333
7 0.390234 0.378472 0.0164062 0.0236111
7 0.413672 0.377778 0.0273438 0.0388889
3 0.673047 0.39375 0.0132813 0.0791667
7 0.321875 0.376389 0.0359375 0.0333333
1 0.551172 0.0451389 0.0148437 0.0708333
2 0.723828 0.135417 0.0257812 0.0597222
2 0.721875 0.232639 0.03125 0.0208333
1 0.567187 0.0520833 0.015625 0.0652778
7 0.44375 0.386111 0.0390625 0.0638889
3 0.554688 0.453472 0.0921875 0.365278
7 0.948438 0.483333 0.103125 0.163889
7 0.615234 0.430556 0.0851562 0.1
7 0.198828 0.409722 0.328906 0.194444
