2 0.308203 0.370139 0.0210938 0.0125
7 0.482422 0.504861 0.0585938 0.0680556
2 0.330859 0.0743056 0.0257812 0.0152778
2 0.510938 0.425 0.00625 0.0166667
1 0.298438 0.436111 0.0078125 0.0194444
1 0.597266 0.415972 0.00703125 0.0180556
1 0.549219 0.417361 0.0078125 0.0180556
1 0.753516 0.410417 0.0117188 0.0236111
3 0.258594 0.236111 0.0125 0.0666667
3 0.991406 0.508333 0.0171875 0.227778
2 0.451953 0.417361 0.0101562 0.0263889
1 0.565625 0.256944 0.0125 0.0444444
1 0.591797 0.252083 0.0101562 0.0402778
1 0.580078 0.251389 0.0117188 0.0472222
1 0.33125 0.35 0.0109375 0.0361111
1 0.317578 0.34375 0.0117188 0.0486111
7 0.108594 0.488889 0.210938 0.0888889
7 0.457812 0.495833 0.0359375 0.0388889
7 0.119141 0.524306 0.189844 0.109722
2 0.310937 0.4375 0.0171875 0.0333333
3 0.954297 0.526389 0.0507812 0.225
2 0.737891 0.282639 0.0273438 0.0430556
3 0.786328 0.489583 0.0164062 0.0902778
7 0.0765625 0.641667 0.151562 0.358333
3 0.891016 0.534028 0.0507812 0.215278
7 0.598828 0.502778 0.285156 0.161111
