7 0.535156 0.561806 0.0125 0.0180556
1 0.551953 0.514583 0.00546875 0.0125
3 0.512891 0.563194 0.0101562 0.0375
7 0.491797 0.561111 0.0132813 0.0166667
7 0.314063 0.554861 0.028125 0.0319444
1 0.670313 0.517361 0.0125 0.0180556
1 0.385156 0.445833 0.009375 0.0222222
7 0.451562 0.561111 0.01875 0.0305556
1 0.586328 0.434722 0.0101562 0.0277778
1 0.428516 0.40625 0.0101562 0.0347222
5 0.521875 0.550694 0.01875 0.0347222
2 0.726562 0.448611 0.015625 0.0138889
2 0.716797 0.423611 0.0226563 0.0166667
2 0.659375 0.495139 0.0171875 0.0125
1 0.301562 0.483333 0.0171875 0.025
2 0.316797 0.376389 0.0320312 0.0472222
2 0.658594 0.439583 0.021875 0.0347222
7 0.424609 0.5625 0.0351562 0.0388889
7 0.222656 0.583333 0.0953125 0.125
7 0.281641 0.579861 0.0804688 0.115278
7 0.723047 0.594444 0.0867188 0.0861111
7 0.121875 0.609028 0.242188 0.220833
7 0.625781 0.584722 0.135937 0.158333
7 0.875 0.632639 0.185937 0.151389
