2 0.416797 0.322917 0.0101562 0.0180556
2 0.546875 0.326389 0.0078125 0.0166667
2 0.489844 0.335417 0.00625 0.0152778
7 0.504687 0.363889 0.0265625 0.0305556
7 0.439453 0.365278 0.0148437 0.0222222
2 0.4125 0.295139 0.0125 0.0125
7 0.512891 0.363889 0.0148437 0.0333333
7 0.429297 0.372222 0.0148437 0.0333333
7 0.456641 0.365972 0.0226563 0.0236111
7 0.557422 0.373611 0.0382813 0.0666667
2 0.530078 0.334722 0.00859375 0.0166667
7 0.396875 0.383333 0.0234375 0.05
7 0.412891 0.372917 0.0273438 0.0430556
7 0.539453 0.370833 0.0195312 0.0611111
7 0.523438 0.368056 0.021875 0.0361111
7 0.496094 0.365278 0.0265625 0.0222222
7 0.584375 0.394444 0.0296875 0.0805556
7 0.379297 0.388194 0.0320312 0.0597222
7 0.362891 0.397222 0.0367187 0.0722222
7 0.330859 0.402083 0.0445312 0.0958333
7 0.567187 0.385417 0.0390625 0.0680556
7 0.0460938 0.547222 0.0921875 0.294444
7 0.612891 0.395833 0.0617188 0.136111
7 0.261719 0.419444 0.125 0.136111
7 0.853125 0.519444 0.290625 0.325
7 0.694141 0.418056 0.157031 0.219444
