1 0.918359 0.338889 0.0132813 0.0416667
7 0.367188 0.565972 0.0140625 0.0236111
7 0.421094 0.575694 0.0109375 0.0236111
1 0.389844 0.546528 0.00625 0.0152778
1 0.894922 0.497917 0.0117188 0.0208333
7 0.78125 0.571528 0.0140625 0.0180556
1 0.299609 0.465278 0.0101562 0.0222222
7 0.73125 0.559722 0.0171875 0.0361111
2 0.894141 0.450694 0.0195312 0.0125
7 0.346875 0.576389 0.021875 0.025
7 0.146875 0.571528 0.03125 0.0291667
1 0.078125 0.280556 0.021875 0.0583333
2 0.322266 0.427083 0.0164062 0.0125
1 0.5 0.491667 0.0125 0.0194444
7 0.641406 0.563889 0.0421875 0.0555556
1 0.0101562 0.45 0.0109375 0.0222222
7 0.707422 0.5625 0.0429688 0.05
1 0.773047 0.36875 0.0273438 0.0430556
1 0.463672 0.341667 0.0132813 0.0416667
1 0.932422 0.4375 0.0195312 0.0305556
7 0.576563 0.567361 0.046875 0.0513889
1 0.358594 0.159722 0.021875 0.075
1 0.381641 0.160417 0.0179687 0.0763889
1 0.516016 0.252778 0.0132813 0.0583333
2 0.892578 0.420139 0.0210938 0.0319444
7 0.40625 0.573611 0.021875 0.0305556
1 0.501172 0.251389 0.0148437 0.0555556
2 0.0550781 0.403472 0.0195312 0.0541667
2 0.310937 0.492361 0.015625 0.0319444
2 0.0621094 0.346528 0.0367187 0.0597222
2 0.510547 0.449306 0.0148437 0.0430556
7 0.0550781 0.540278 0.110156 0.0972222
