2 0.70625 0.477083 0.0140625 0.0152778
7 0.514063 0.527083 0.0125 0.0180556
2 0.484375 0.483333 0.00625 0.0111111
7 0.549609 0.528472 0.00859375 0.0263889
7 0.49375 0.528472 0.021875 0.0319444
7 0.565234 0.527083 0.0273438 0.0402778
7 0.529297 0.532639 0.0117188 0.0152778
2 0.599219 0.4625 0.0125 0.00833333
7 0.607031 0.54375 0.034375 0.0847222
2 0.426172 0.440278 0.0164062 0.0111111
2 0.593359 0.472917 0.0132813 0.00972222
7 0.592578 0.538194 0.0273438 0.0819444
2 0.434766 0.465278 0.0179687 0.0138889
7 0.569922 0.536111 0.0242187 0.0333333
2 0.253125 0.370139 0.015625 0.0319444
2 0.483594 0.502778 0.009375 0.0166667
7 0.430078 0.552778 0.0445312 0.0888889
7 0.459766 0.538194 0.0414063 0.0680556
7 0.642578 0.559028 0.0820312 0.1125
7 0.872266 0.644444 0.255469 0.283333
7 0.340625 0.566667 0.140625 0.172222
7 0.145703 0.634028 0.289844 0.273611
