7 0.540234 0.520139 0.0273438 0.0430556
1 0.886328 0.479167 0.00859375 0.0194444
1 0.600391 0.468056 0.00703125 0.0138889
1 0.899219 0.478472 0.0109375 0.0208333
1 0.531641 0.467361 0.00703125 0.0152778
2 0.884375 0.422917 0.0265625 0.0208333
1 0.717969 0.384028 0.0109375 0.0375
2 0.178516 0.381944 0.0320312 0.102778
1 0.491016 0.349306 0.0101562 0.0486111
2 0.245703 0.246528 0.0476562 0.0236111
3 0.357422 0.545833 0.0148437 0.0638889
7 0.601172 0.532639 0.0554687 0.0736111
7 0.528125 0.545139 0.0375 0.0513889
7 0.926562 0.640972 0.146875 0.390278
7 0.467969 0.545139 0.0421875 0.0541667
7 0.817578 0.559722 0.0898438 0.1
7 0.207813 0.673611 0.270312 0.247222
