7 0.496875 0.538889 0.0171875 0.0222222
7 0.517578 0.540972 0.0273438 0.0486111
7 0.421875 0.532639 0.0125 0.0208333
2 0.308203 0.447917 0.0101562 0.00972222
7 0.571875 0.564583 0.0546875 0.0902778
7 0.409375 0.533333 0.015625 0.025
1 0.434375 0.519444 0.00625 0.0138889
2 0.552344 0.472222 0.0140625 0.0305556
2 0.638672 0.432639 0.0132813 0.0208333
2 0.366016 0.491667 0.0101562 0.0222222
7 0.530469 0.545139 0.0265625 0.0652778
7 0.552344 0.550694 0.0453125 0.0791667
7 0.319531 0.524306 0.046875 0.0763889
7 0.288281 0.534722 0.053125 0.0805556
7 0.61875 0.586806 0.0953125 0.120833
7 0.246875 0.546528 0.0859375 0.0875
7 0.700391 0.625 0.174219 0.191667
7 0.855078 0.711111 0.289844 0.405556
