7 0.549609 0.538194 0.0148437 0.0486111
7 0.378125 0.526389 0.0296875 0.0638889
7 0.364062 0.54375 0.0265625 0.0791667
1 0.670313 0.248611 0.0140625 0.0666667
7 0.599609 0.545833 0.0617188 0.0694444
7 0.537891 0.5125 0.0304688 0.0277778
7 0.00664063 0.527778 0.0132813 0.0833333
1 0.174609 0.334722 0.0148437 0.0638889
1 0.792188 0.445833 0.01875 0.0333333
1 0.685938 0.245833 0.01875 0.0777778
7 0.0613281 0.527083 0.0570313 0.0541667
7 0.568359 0.539583 0.0351562 0.0597222
7 0.523047 0.547917 0.0445312 0.0652778
7 0.125 0.529861 0.09375 0.0763889
7 0.945312 0.816667 0.109375 0.316667
7 0.319922 0.545833 0.0851562 0.138889
7 0.234375 0.586806 0.178125 0.1875
7 0.442578 0.585417 0.136719 0.234722
7 0.647656 0.6 0.15625 0.166667
