1 0.492188 0.570833 0.00625 0.0138889
7 0.223047 0.654167 0.0539063 0.0666667
2 0.138281 0.475 0.01875 0.0138889
7 0.334375 0.630556 0.0421875 0.0388889
7 0.273438 0.647917 0.0609375 0.0708333
7 0.0207031 0.698611 0.0414063 0.161111
7 0.0617188 0.69375 0.0625 0.0986111
2 0.272656 0.309722 0.0578125 0.0916667
1 0.328125 0.415972 0.0359375 0.0708333
7 0.946875 0.769444 0.10625 0.305556
7 0.151172 0.679167 0.116406 0.102778
2 0.277734 0.414583 0.0601562 0.118056
7 0.688672 0.652778 0.144531 0.183333
7 0.534375 0.634028 0.114063 0.218056
