1 0.564062 0.465972 0.0109375 0.0180556
1 0.285547 0.475694 0.00546875 0.0180556
1 0.381641 0.479167 0.00703125 0.0194444
1 0.738672 0.400694 0.0132813 0.0347222
2 0.553125 0.444444 0.0171875 0.0138889
1 0.755078 0.396528 0.0210938 0.0375
7 0.409375 0.532639 0.015625 0.0208333
1 0.48125 0.340278 0.009375 0.0388889
1 0.469922 0.340278 0.0117188 0.0444444
2 0.263281 0.472222 0.0203125 0.0111111
2 0.723828 0.359028 0.0367187 0.0291667
2 0.741406 0.329861 0.0265625 0.0208333
7 0.678906 0.534028 0.0609375 0.0486111
7 0.802734 0.535417 0.0804688 0.0680556
2 0.515625 0.365278 0.0421875 0.0194444
7 0.145703 0.552083 0.0976562 0.0902778
