2 0.982422 0.0506944 0.0351562 0.0513889
2 0.310156 0.28125 0.0234375 0.0125
5 0.517578 0.4375 0.0617188 0.122222
1 0.0925781 0.35625 0.00859375 0.0236111
1 0.557813 0.389583 0.00625 0.0152778
1 0.188672 0.163889 0.0132813 0.0527778
1 0.0800781 0.355556 0.0132813 0.0222222
8 0.749609 0.478472 0.0351562 0.165278
1 0.200781 0.1625 0.0125 0.0527778
4 0.751562 0.522222 0.03125 0.111111
2 0.771875 0.297222 0.021875 0.0166667
2 0.930078 0.0902778 0.0492188 0.0388889
3 0.897656 0.484028 0.0484375 0.193056
2 0.773047 0.252083 0.0351562 0.0458333
7 0.288672 0.50625 0.253906 0.409722
