7 0.49375 0.452778 0.0125 0.0333333
2 0.590625 0.357639 0.009375 0.00972222
3 0.582031 0.44375 0.009375 0.0458333
2 0.551953 0.388194 0.00703125 0.0125
2 0.355469 0.400694 0.0078125 0.0152778
0 0.442578 0.417361 0.0539063 0.0847222
1 0.551953 0.372222 0.00703125 0.0166667
1 0.530078 0.359028 0.00703125 0.0208333
7 0.538672 0.441667 0.0148437 0.0361111
2 0.583984 0.331944 0.00859375 0.0166667
2 0.822656 0.280556 0.01875 0.025
2 0.587109 0.376389 0.0101562 0.0166667
7 0.515625 0.448611 0.0390625 0.0611111
7 0.327344 0.486111 0.0421875 0.0527778
7 0.211328 0.524306 0.0710938 0.0986111
7 0.135156 0.554861 0.123438 0.140278
7 0.643359 0.496528 0.119531 0.140278
7 0.439453 0.569444 0.153906 0.230556
