2 0.753516 0.40625 0.00859375 0.0152778
7 0.4875 0.489583 0.01875 0.0402778
7 0.533984 0.470833 0.0148437 0.0194444
7 0.515234 0.481944 0.0148437 0.0277778
7 0.571094 0.471528 0.009375 0.0180556
7 0.529688 0.473611 0.0140625 0.0222222
7 0.520703 0.479861 0.0117188 0.0236111
2 0.405859 0.374306 0.0117188 0.0180556
1 0.844141 0.174306 0.0132813 0.0347222
7 0.510156 0.483333 0.0171875 0.0305556
7 0.580469 0.473611 0.0171875 0.0305556
7 0.496094 0.488194 0.0171875 0.0402778
7 0.00976562 0.517361 0.0195312 0.0680556
1 0.785937 0.407639 0.0140625 0.0263889
1 0.375781 0.288194 0.0125 0.0458333
1 0.788672 0.191667 0.0132813 0.0638889
1 0.315234 0.425694 0.0164062 0.0291667
1 0.391016 0.2875 0.0132813 0.05
1 0.775781 0.186111 0.0171875 0.0722222
1 0.757812 0.188889 0.015625 0.0638889
2 0.314453 0.358333 0.0242187 0.0138889
7 0.467187 0.497917 0.0375 0.0513889
7 0.605078 0.481944 0.0445312 0.0611111
2 0.66875 0.413194 0.0203125 0.0541667
