7 0.232422 0.372917 0.0179687 0.0291667
7 0.522656 0.404167 0.0203125 0.0444444
1 0.668359 0.2875 0.00703125 0.0194444
2 0.836719 0.35 0.0109375 0.025
7 0.764453 0.385417 0.0320312 0.0319444
1 0.699609 0.297917 0.00859375 0.0208333
1 0.520703 0.322917 0.0132813 0.0236111
7 0.551562 0.373611 0.015625 0.0166667
7 0.585156 0.373611 0.0234375 0.025
2 0.754687 0.229167 0.0109375 0.0305556
5 0.410156 0.318056 0.234375 0.475
7 0.916797 0.564583 0.164844 0.354167
7 0.253125 0.392361 0.0265625 0.0625
7 0.198828 0.385417 0.0664062 0.109722
7 0.552734 0.420139 0.0601562 0.0847222
7 0.287891 0.391667 0.0523437 0.105556
2 0.156641 0.185417 0.0351562 0.0763889
7 0.889844 0.45 0.2125 0.158333
7 0.102734 0.421528 0.203906 0.273611
7 0.642187 0.439583 0.142188 0.176389
