7 0.376563 0.611806 0.0203125 0.0347222
7 0.395703 0.602778 0.0132813 0.0194444
7 0.807422 0.614583 0.0914062 0.120833
1 0.520703 0.572222 0.00546875 0.0111111
7 0.0589844 0.643056 0.0679687 0.172222
1 0.45 0.567361 0.00625 0.0125
7 0.421875 0.605556 0.015625 0.0194444
2 0.530078 0.572222 0.0117188 0.00833333
1 0.555859 0.529167 0.00859375 0.0194444
1 0.413281 0.515972 0.0078125 0.0236111
7 0.658984 0.625694 0.0304688 0.0680556
2 0.392578 0.517361 0.0210938 0.0152778
2 0.433984 0.566667 0.0117188 0.00833333
5 0.806641 0.613194 0.0882813 0.134722
7 0.519922 0.605556 0.0179687 0.0361111
7 0.893359 0.644444 0.155469 0.138889
7 0.494922 0.609028 0.0257812 0.0347222
7 0.905469 0.856944 0.1875 0.283333
7 0.459375 0.608333 0.0375 0.0555556
5 0.230469 0.521528 0.289062 0.431944
7 0.719531 0.618056 0.0984375 0.108333
7 0.583594 0.618056 0.126563 0.186111
