7 0.422266 0.502778 0.0148437 0.0194444
7 0.398828 0.503472 0.0148437 0.0236111
2 0.525781 0.429861 0.0109375 0.00972222
1 0.4375 0.461806 0.00625 0.0152778
1 0.403906 0.454861 0.00625 0.0152778
1 0.402734 0.426389 0.00703125 0.0166667
1 0.529688 0.474306 0.0078125 0.0180556
1 0.480078 0.417361 0.00703125 0.0208333
7 0.0191406 0.578472 0.0382813 0.198611
7 0.264062 0.513194 0.0515625 0.0791667
7 0.233203 0.521528 0.0554687 0.0902778
7 0.379297 0.509028 0.0304688 0.0402778
7 0.169141 0.523611 0.116406 0.127778
7 0.0816406 0.531944 0.163281 0.211111
