1 0.667969 0.469444 0.01875 0.0583333
6 0.300781 0.727083 0.015625 0.0458333
2 0.638672 0.290972 0.0148437 0.0597222
7 0.250391 0.689583 0.0148437 0.0208333
8 0.301562 0.706944 0.015625 0.0694444
1 0.272266 0.665278 0.00703125 0.0166667
1 0.505078 0.508333 0.0195312 0.0694444
1 0.0628906 0.285417 0.0226563 0.0513889
1 0.530469 0.526389 0.0203125 0.0555556
2 0.344922 0.653472 0.0101562 0.0152778
1 0.661328 0.563194 0.0164062 0.0347222
2 0.292188 0.654167 0.015625 0.0138889
7 0.0707031 0.690972 0.0335938 0.0375
7 0.322656 0.692361 0.0296875 0.0402778
2 0.326953 0.571528 0.0523437 0.0347222
