7 0.135937 0.504167 0.0296875 0.0388889
7 0.323047 0.492361 0.0148437 0.0180556
7 0.265234 0.492361 0.0195312 0.0236111
7 0.308203 0.492361 0.0117188 0.0152778
2 0.440234 0.415972 0.00859375 0.0291667
7 0.153125 0.502083 0.0359375 0.0402778
7 0.289844 0.492361 0.0140625 0.0208333
1 0.255078 0.45 0.00703125 0.0166667
1 0.30625 0.450694 0.00625 0.0152778
2 0.244922 0.447917 0.00859375 0.0152778
7 0.247656 0.493056 0.021875 0.025
7 0.171484 0.498611 0.0273438 0.0388889
7 0.00703125 0.514583 0.0140625 0.0736111
4 0.609375 0.534028 0.04375 0.0930556
7 0.194531 0.496528 0.0234375 0.0319444
7 0.35 0.495139 0.0203125 0.0291667
7 0.0992187 0.504167 0.0515625 0.0527778
7 0.383984 0.504167 0.0304688 0.0416667
7 0.0289063 0.511111 0.05625 0.0666667
7 0.441797 0.518056 0.0726563 0.0888889
