2 0.519922 0.391667 0.00859375 0.0166667
7 0.479297 0.422917 0.0101562 0.0152778
7 0.496484 0.428472 0.0148437 0.0180556
7 0.954687 0.456944 0.090625 0.141667
7 0.362891 0.436111 0.0195312 0.0277778
7 0.465234 0.415972 0.00859375 0.0152778
1 0.450781 0.39375 0.00625 0.0152778
7 0.293359 0.438889 0.0460938 0.0361111
7 0.513672 0.432639 0.0179687 0.0236111
7 0.390625 0.431944 0.015625 0.025
2 0.926172 0.261806 0.0304688 0.0347222
7 0.592969 0.447917 0.0421875 0.0569444
7 0.053125 0.474306 0.104687 0.0875
7 0.563672 0.435417 0.0367187 0.0541667
7 0.832422 0.613194 0.335156 0.390278
5 0.670703 0.413194 0.122656 0.176389
