3 0.133984 0.54375 0.0101562 0.0458333
2 0.149219 0.459028 0.015625 0.00972222
1 0.248828 0.429167 0.00859375 0.025
7 0.268359 0.542361 0.0242187 0.0263889
2 0.291797 0.495139 0.0148437 0.00972222
7 0.241016 0.542361 0.0320312 0.0347222
1 0.438281 0.426389 0.009375 0.025
1 0.00664063 0.474306 0.0101562 0.0180556
2 0.560547 0.427778 0.0148437 0.0111111
7 0.203906 0.546528 0.0421875 0.0375
2 0.501172 0.452778 0.0148437 0.0111111
7 0.463672 0.545833 0.0257812 0.0333333
7 0.0265625 0.564583 0.053125 0.215278
7 0.620313 0.559722 0.0328125 0.0638889
2 0.469531 0.434028 0.028125 0.0152778
7 0.0652344 0.551389 0.0523437 0.075
2 0.502344 0.427083 0.0125 0.0347222
2 0.204297 0.43125 0.0320312 0.0152778
7 0.855859 0.610417 0.267969 0.190278
7 0.680859 0.56875 0.128906 0.1375
5 0.557031 0.53125 0.101562 0.140278
7 0.366016 0.583333 0.178906 0.269444
