1 0.296875 0.852083 0.0046875 0.0125
2 0.356641 0.852778 0.0101562 0.0111111
7 0.283984 0.888889 0.0101562 0.0138889
1 0.0722656 0.613194 0.0164062 0.0402778
1 0.722266 0.822222 0.00859375 0.0361111
7 0.295312 0.89375 0.0109375 0.0180556
1 0.309375 0.827083 0.00625 0.0152778
2 0.745313 0.706944 0.0171875 0.025
2 0.720703 0.663194 0.0195312 0.0291667
3 0.410937 0.910417 0.009375 0.0375
7 0.333203 0.900694 0.0179687 0.0263889
1 0.7625 0.825694 0.0265625 0.0430556
1 0.432813 0.482639 0.0171875 0.0791667
2 0.323438 0.827778 0.0171875 0.0111111
7 0.312109 0.901389 0.0257812 0.0361111
2 0.755078 0.679861 0.0335938 0.0291667
3 0.585938 0.947917 0.0203125 0.0986111
7 0.237891 0.886111 0.0273438 0.0361111
2 0.735937 0.739583 0.0453125 0.0375
7 0.356641 0.908333 0.0289063 0.0361111
2 0.538281 0.524306 0.0984375 0.0513889
