7 0.391016 0.409028 0.0148437 0.0263889
7 0.394922 0.395833 0.0132813 0.025
7 0.385156 0.417361 0.0171875 0.0319444
7 0.44375 0.398611 0.015625 0.0222222
7 0.451953 0.413889 0.0195312 0.0333333
2 0.207813 0.300694 0.009375 0.0263889
7 0.669922 0.4375 0.0695312 0.1
7 0.465234 0.425694 0.0226563 0.0458333
2 0.464063 0.377083 0.0078125 0.0180556
7 0.367188 0.426389 0.03125 0.0555556
7 0.0464844 0.55 0.0929687 0.394444
7 0.522266 0.45 0.0539063 0.0833333
7 0.490234 0.434722 0.0414063 0.0694444
7 0.915625 0.493056 0.165625 0.608333
7 0.34375 0.438889 0.040625 0.0583333
7 0.221875 0.475694 0.15 0.1875
7 0.592188 0.472222 0.120312 0.138889
7 0.782031 0.492361 0.260938 0.318056
