7 0.425781 0.447222 0.0125 0.0166667
7 0.523438 0.45 0.0296875 0.0444444
7 0.436719 0.448611 0.009375 0.0138889
7 0.169141 0.441667 0.0273438 0.0277778
7 0.0863281 0.434722 0.0664062 0.0277778
1 0.478906 0.372917 0.00625 0.0152778
7 0.407813 0.446528 0.0125 0.0180556
7 0.445703 0.448611 0.0101562 0.0138889
7 0.461719 0.45 0.0125 0.0138889
1 0.333594 0.3875 0.0078125 0.0194444
1 0.384375 0.378472 0.0078125 0.0180556
1 0.428125 0.393056 0.0078125 0.0166667
2 0.4125 0.402778 0.0125 0.0194444
7 0.533594 0.45625 0.0421875 0.0513889
7 0.223438 0.444444 0.0265625 0.0305556
7 0.503516 0.445833 0.0226563 0.0361111
7 0.287891 0.470833 0.0976562 0.102778
2 0.396094 0.340972 0.0140625 0.0263889
7 0.365625 0.458333 0.0625 0.0777778
7 0.591016 0.469444 0.0757812 0.1
