7 0.568359 0.474306 0.0210938 0.0319444
1 0.136328 0.438889 0.00859375 0.0138889
2 0.640234 0.365278 0.0117188 0.025
1 0.412109 0.336111 0.00859375 0.0333333
7 0.367969 0.465972 0.0171875 0.0291667
7 0.300781 0.472917 0.0234375 0.0375
1 0.358984 0.369444 0.0101562 0.0361111
7 0.560547 0.475694 0.0148437 0.0291667
7 0.350781 0.466667 0.01875 0.0333333
1 0.403125 0.340278 0.009375 0.0277778
1 0.892187 0.370139 0.015625 0.0458333
1 0.869922 0.348611 0.0164062 0.075
2 0.359766 0.442361 0.0101562 0.0180556
1 0.617188 0.0673611 0.01875 0.0763889
7 0.275391 0.473611 0.0320312 0.0388889
2 0.391406 0.363194 0.015625 0.0208333
7 0.540625 0.479861 0.01875 0.0430556
7 0.326953 0.470139 0.0351562 0.0430556
7 0.156641 0.476389 0.0585938 0.0611111
1 0.591016 0.0652778 0.0242187 0.0805556
2 0.358984 0.40625 0.0132813 0.0347222
2 0.424219 0.428472 0.01875 0.0291667
7 0.977734 0.515972 0.0445312 0.0736111
7 0.236719 0.475694 0.0484375 0.0458333
2 0.385547 0.396528 0.0320312 0.0486111
2 0.739844 0.10625 0.104687 0.0458333
7 0.392578 0.4875 0.0554687 0.075
7 0.777734 0.509722 0.166406 0.0944444
7 0.603125 0.508333 0.0859375 0.108333
7 0.0730469 0.518056 0.146094 0.205556
7 0.485156 0.533333 0.135937 0.191667
