1 0.487891 0.36875 0.00703125 0.0208333
7 0.617578 0.43125 0.0117188 0.0180556
1 0.395703 0.422917 0.00859375 0.0180556
7 0.569141 0.434722 0.0132813 0.025
1 0.653125 0.345833 0.0125 0.0277778
2 0.466016 0.365278 0.00703125 0.0166667
2 0.677344 0.345139 0.009375 0.0180556
7 0.813672 0.451389 0.0851562 0.0555556
7 0.601172 0.432639 0.0101562 0.0152778
7 0.376172 0.46875 0.0289063 0.0375
2 0.446484 0.370139 0.0242187 0.0125
7 0.583594 0.43125 0.0125 0.0180556
5 0.814844 0.452083 0.0828125 0.0569444
