7 0.602734 0.972917 0.0164062 0.0236111
7 0.542578 0.965972 0.0179687 0.0291667
7 0.534766 0.970833 0.0179687 0.0361111
1 0.664062 0.641667 0.021875 0.05
7 0.490625 0.970139 0.0421875 0.0569444
1 0.107422 0.798611 0.0210938 0.0388889
1 0.143359 0.80625 0.0148437 0.0375
5 0.554688 0.944444 0.0171875 0.0361111
1 0.360938 0.522917 0.0296875 0.0791667
1 0.329688 0.525694 0.0203125 0.0763889
1 0.978906 0.921528 0.01875 0.0375
7 0.509766 0.970139 0.0398437 0.0569444
7 0.444922 0.970833 0.0742188 0.0555556
