7 0.599609 0.64375 0.0429688 0.0625
2 0.315625 0.549306 0.0234375 0.0236111
7 0.445312 0.624306 0.0171875 0.0263889
2 0.576172 0.577778 0.0117188 0.0111111
7 0.391406 0.645833 0.0265625 0.0416667
7 0.423828 0.631944 0.0273438 0.0333333
2 0.657422 0.515278 0.0132813 0.0305556
7 0.671484 0.653472 0.124219 0.1875
7 0.362891 0.657639 0.0523437 0.0625
2 0.576172 0.561806 0.0148437 0.0236111
7 0.817969 0.709722 0.260938 0.313889
7 0.958984 0.806944 0.0820312 0.166667
7 0.183984 0.71875 0.122656 0.134722
7 0.275391 0.688889 0.0835937 0.0944444
7 0.0679687 0.754861 0.135937 0.234722
