1 0.567578 0.348611 0.00703125 0.0166667
7 0.544141 0.36875 0.0148437 0.0236111
1 0.583594 0.309028 0.00625 0.0152778
1 0.548047 0.321528 0.00703125 0.0152778
7 0.169531 0.595139 0.334375 0.384722
7 0.604297 0.357639 0.0257812 0.0347222
7 0.710938 0.368056 0.053125 0.0916667
7 0.519922 0.3875 0.0289063 0.0472222
7 0.500781 0.398611 0.0296875 0.0472222
7 0.475781 0.411806 0.046875 0.0791667
7 0.848437 0.425 0.289062 0.275
7 0.445703 0.432639 0.0695312 0.104167
7 0.655859 0.367361 0.0648438 0.0958333
7 0.400391 0.467361 0.108594 0.120833
