7 0.167969 0.472917 0.0234375 0.0152778
7 0.523438 0.46875 0.0140625 0.0402778
7 0.572656 0.465278 0.0171875 0.0222222
2 0.152734 0.3625 0.0273438 0.0333333
7 0.0371094 0.484028 0.0632813 0.0458333
2 0.0960938 0.436111 0.0109375 0.0166667
2 0.182812 0.369444 0.0265625 0.0416667
2 0.15625 0.433333 0.0296875 0.0388889
2 0.185937 0.434722 0.03125 0.0333333
7 0.547266 0.472222 0.0445312 0.0638889
7 0.717969 0.464583 0.114063 0.148611
7 0.300781 0.491667 0.096875 0.108333
7 0.628906 0.504861 0.121875 0.143056
7 0.441016 0.517361 0.149219 0.234722
