1 0.592969 0.465278 0.00625 0.0138889
7 0.607813 0.493056 0.0125 0.0277778
7 0.577344 0.490972 0.0171875 0.0180556
7 0.497656 0.502083 0.0203125 0.0486111
1 0.564844 0.470139 0.00625 0.0125
7 0.476172 0.50625 0.0351562 0.0597222
7 0.617188 0.5 0.021875 0.0416667
7 0.639844 0.515972 0.0453125 0.0569444
7 0.462891 0.513194 0.0351562 0.0680556
7 0.300391 0.555556 0.110156 0.158333
7 0.525 0.507639 0.0421875 0.0569444
7 0.428906 0.513889 0.0453125 0.0972222
7 0.379297 0.522917 0.0773437 0.1125
7 0.716797 0.545139 0.105469 0.126389
7 0.874609 0.602778 0.249219 0.422222
7 0.127344 0.584028 0.253125 0.295833
