7 0.460156 0.584722 0.0171875 0.0305556
7 0.441797 0.586111 0.0117188 0.0222222
7 0.352344 0.596528 0.0171875 0.0319444
7 0.365625 0.598611 0.0171875 0.0222222
7 0.451953 0.584722 0.0132813 0.0277778
7 0.501953 0.589583 0.0289063 0.0513889
7 0.467969 0.586111 0.01875 0.0333333
7 0.335547 0.598611 0.0257812 0.0416667
7 0.54375 0.59375 0.0515625 0.0791667
7 0.482812 0.5875 0.01875 0.0416667
7 0.417969 0.592361 0.0125 0.0152778
2 0.483984 0.545139 0.0117188 0.0208333
7 0.303906 0.605556 0.0453125 0.0583333
7 0.585938 0.602778 0.0671875 0.1
7 0.657422 0.595139 0.119531 0.168056
7 0.141406 0.625694 0.159375 0.165278
7 0.817187 0.61875 0.28125 0.2625
