7 0.429688 0.468056 0.009375 0.0166667
7 0.438281 0.472222 0.0125 0.0222222
7 0.291016 0.490278 0.0226563 0.05
7 0.344531 0.472222 0.0109375 0.0222222
1 0.389453 0.41875 0.00546875 0.0152778
7 0.335547 0.477083 0.0132813 0.0263889
7 0.327344 0.480556 0.0140625 0.0305556
2 0.436719 0.450694 0.00625 0.0125
7 0.445312 0.482639 0.015625 0.0375
7 0.304297 0.486111 0.0242187 0.05
1 0.403906 0.421528 0.00625 0.0152778
7 0.318359 0.484722 0.0148437 0.0388889
7 0.457422 0.490972 0.0257812 0.0513889
7 0.369141 0.479167 0.0351562 0.0416667
7 0.480078 0.499306 0.0351562 0.0708333
7 0.508984 0.5 0.0492188 0.122222
7 0.543359 0.515278 0.0867188 0.169444
7 0.142969 0.511111 0.090625 0.105556
7 0.830859 0.679861 0.338281 0.431944
7 0.241016 0.515278 0.114844 0.125
7 0.636328 0.544444 0.186719 0.247222
