1 0.204297 0.184722 0.0164062 0.0638889
1 0.246875 0.45625 0.00625 0.0125
7 0.0394531 0.502778 0.0148437 0.0222222
1 0.439453 0.475 0.00703125 0.0138889
2 0.255859 0.459722 0.00703125 0.0138889
1 0.169141 0.434028 0.00703125 0.0180556
2 0.360938 0.453472 0.00625 0.0125
2 0.115234 0.429861 0.0101562 0.0152778
1 0.189063 0.457639 0.00625 0.0152778
1 0.275781 0.434028 0.0078125 0.0208333
7 0.0519531 0.504167 0.0179687 0.025
3 0.80625 0.511111 0.015625 0.0944444
1 0.174609 0.195833 0.0179687 0.0805556
2 0.360547 0.470833 0.00703125 0.0111111
1 0.439453 0.441667 0.00703125 0.0166667
2 0.115234 0.464583 0.00703125 0.0152778
1 0.415234 0.426389 0.00859375 0.0194444
2 0.448047 0.4625 0.00859375 0.0166667
2 0.293359 0.340972 0.0789063 0.0236111
2 0.281641 0.479861 0.00703125 0.0125
2 0.846484 0.371528 0.0226563 0.0152778
1 0.534766 0.0944444 0.0195312 0.0694444
7 0.01875 0.501389 0.025 0.0305556
7 0.991016 0.535417 0.0179687 0.0736111
7 0.130859 0.49375 0.0148437 0.0152778
1 0.659766 0.414583 0.0164062 0.0291667
2 0.646875 0.3625 0.0171875 0.0194444
2 0.828516 0.397222 0.0101562 0.0472222
7 0.846875 0.488194 0.0890625 0.0625
2 0.391016 0.315972 0.0210938 0.0458333
2 0.442969 0.276389 0.0234375 0.0194444
2 0.145313 0.2875 0.065625 0.0861111
2 0.290625 0.290972 0.184375 0.0930556
2 0.435156 0.316667 0.040625 0.0666667
