1 0.508203 0.41875 0.00703125 0.0152778
1 0.408984 0.410417 0.00859375 0.0152778
7 0.491016 0.435417 0.0148437 0.0180556
1 0.410547 0.39375 0.00859375 0.0152778
1 0.545313 0.411111 0.00625 0.0138889
7 0.390625 0.450694 0.028125 0.0569444
7 0.516406 0.436111 0.0140625 0.0194444
1 0.503125 0.389583 0.0078125 0.0152778
7 0.505078 0.439583 0.0117188 0.0180556
2 0.130469 0.392361 0.0125 0.0319444
7 0.584375 0.438194 0.025 0.0375
1 0.579297 0.397222 0.00859375 0.0194444
7 0.0246094 0.476389 0.0492188 0.0888889
1 0.143359 0.343056 0.0132813 0.0305556
7 0.433594 0.444444 0.0234375 0.0305556
1 0.83125 0.281944 0.0171875 0.0361111
1 0.119141 0.25625 0.0179687 0.0375
7 0.659375 0.45 0.025 0.0277778
1 0.112891 0.341667 0.0148437 0.0277778
1 0.832031 0.354167 0.0125 0.025
7 0.414062 0.447917 0.021875 0.0402778
3 0.816016 0.469444 0.0210938 0.0944444
3 0.854297 0.474306 0.0164062 0.0958333
7 0.611328 0.440972 0.0351562 0.0430556
3 0.836328 0.470833 0.0195312 0.1
7 0.464453 0.440278 0.0242187 0.0361111
3 0.354297 0.522222 0.0898438 0.333333
