7 0.303516 0.63125 0.0179687 0.0263889
7 0.413281 0.615278 0.0140625 0.0194444
7 0.396094 0.624306 0.0125 0.0236111
7 0.366016 0.622917 0.0132813 0.0180556
1 0.356641 0.586806 0.00703125 0.0152778
7 0.279687 0.628472 0.03125 0.0347222
7 0.444141 0.625694 0.0179687 0.0375
7 0.330859 0.626389 0.0132813 0.0166667
1 0.417578 0.559722 0.00859375 0.0166667
7 0.253906 0.629167 0.0328125 0.0361111
7 0.426953 0.623611 0.0195312 0.0305556
1 0.373828 0.594444 0.00703125 0.0138889
7 0.466016 0.631944 0.0289063 0.0611111
1 0.308984 0.561806 0.00703125 0.0208333
7 0.380859 0.624306 0.0195312 0.0236111
1 0.479688 0.272222 0.015625 0.0472222
2 0.591016 0.402778 0.0179687 0.025
1 0.621094 0.506944 0.0203125 0.0361111
2 0.617969 0.413889 0.0234375 0.0194444
7 0.945703 0.606944 0.108594 0.163889
2 0.603516 0.441667 0.0335938 0.025
7 0.177734 0.634028 0.0539063 0.0652778
2 0.598828 0.345139 0.0367187 0.0458333
7 0.08125 0.650694 0.04375 0.0763889
7 0.126172 0.646528 0.0539063 0.0625
7 0.510156 0.64375 0.06875 0.0930556
7 0.0316406 0.653472 0.0632813 0.0958333
