2 0.337109 0.192361 0.0117188 0.0180556
7 0.505859 0.361111 0.0101562 0.0194444
7 0.519922 0.359028 0.0101562 0.0152778
7 0.571094 0.368056 0.015625 0.0166667
7 0.552344 0.365278 0.0125 0.0166667
1 0.541797 0.33125 0.00546875 0.0125
2 0.333984 0.291667 0.0179687 0.0277778
1 0.661719 0.182639 0.0109375 0.0319444
1 0.448828 0.315972 0.00703125 0.0152778
1 0.33125 0.247222 0.0109375 0.0388889
7 0.493359 0.364583 0.0195312 0.0347222
1 0.515234 0.301389 0.00703125 0.0166667
1 0.319141 0.291667 0.0101562 0.0222222
1 0.575 0.307639 0.0078125 0.0180556
1 0.123047 0.217361 0.0210938 0.0375
1 0.432422 0.135417 0.0117188 0.0486111
2 0.582031 0.347222 0.00625 0.0138889
1 0.445703 0.142361 0.0101562 0.0458333
7 0.469141 0.36875 0.0367187 0.0486111
7 0.762109 0.396528 0.255469 0.284722
