2 0.530859 0.230556 0.0164062 0.0166667
4 0.422266 0.422222 0.0195312 0.0611111
2 0.369922 0.323611 0.0101562 0.0166667
1 0.456641 0.334028 0.00703125 0.0152778
1 0.422266 0.286806 0.00859375 0.0236111
2 0.369922 0.309722 0.0117188 0.00833333
8 0.422266 0.389583 0.0195312 0.0763889
7 0.440625 0.389583 0.015625 0.0291667
2 0.123047 0.307639 0.0195312 0.0152778
2 0.329688 0.289583 0.0171875 0.0125
7 0.205859 0.384028 0.0570313 0.0375
7 0.399609 0.384722 0.0382813 0.0583333
7 0.457812 0.390972 0.028125 0.0652778
7 0.0714844 0.389583 0.0851562 0.0680556
3 0.826563 0.428472 0.0703125 0.309722
3 0.918359 0.424306 0.0851562 0.323611
7 0.308594 0.390278 0.0796875 0.105556
7 0.558984 0.466667 0.222656 0.355556
