7 0.542188 0.630556 0.0328125 0.0305556
1 0.598047 0.463889 0.00859375 0.0388889
7 0.485938 0.622917 0.0140625 0.0236111
7 0.366797 0.633333 0.0164062 0.025
3 0.629297 0.607639 0.0117188 0.0402778
1 0.43125 0.584028 0.0078125 0.0125
7 0.516016 0.627083 0.0335938 0.0347222
1 0.607031 0.466667 0.0109375 0.0388889
1 0.398047 0.488194 0.0117188 0.0319444
1 0.786328 0.422222 0.0117188 0.0444444
2 0.278125 0.5 0.021875 0.0166667
1 0.889063 0.535417 0.0109375 0.0236111
2 0.896094 0.449306 0.0203125 0.0208333
2 0.198047 0.402083 0.0304688 0.0208333
7 0.467969 0.625 0.0296875 0.0361111
2 0.523047 0.591667 0.0101562 0.0194444
2 0.208203 0.475694 0.0179687 0.0569444
7 0.334375 0.636806 0.0421875 0.0541667
2 0.314063 0.560417 0.0140625 0.0263889
2 0.651172 0.483333 0.0210938 0.0305556
2 0.214844 0.552083 0.028125 0.0541667
7 0.942969 0.656944 0.114063 0.186111
7 0.232812 0.676389 0.129688 0.166667
7 0.723437 0.6375 0.234375 0.272222
