2 0.384375 0.511806 0.00625 0.0125
7 0.334375 0.545833 0.0140625 0.0305556
7 0.476172 0.545833 0.0164062 0.0416667
7 0.314844 0.552778 0.0203125 0.0333333
1 0.415234 0.490972 0.00703125 0.0152778
7 0.296484 0.558333 0.0289063 0.0388889
7 0.466406 0.543056 0.015625 0.0361111
7 0.328516 0.549306 0.0179687 0.0347222
1 0.377734 0.489583 0.00703125 0.0180556
7 0.457422 0.5375 0.0164062 0.0277778
7 0.385547 0.535417 0.0148437 0.0208333
7 0.522656 0.559028 0.0359375 0.0680556
7 0.0269531 0.597917 0.0539063 0.184722
7 0.265625 0.561806 0.0328125 0.0597222
7 0.494531 0.547222 0.034375 0.05
7 0.160547 0.5875 0.0585938 0.0972222
7 0.228906 0.573611 0.0546875 0.0666667
7 0.540234 0.561806 0.0445312 0.0763889
7 0.09375 0.601389 0.101562 0.119444
7 0.742188 0.604167 0.171875 0.177778
7 0.587891 0.557639 0.0820312 0.1125
7 0.639453 0.577083 0.103906 0.126389
7 0.89375 0.644444 0.210938 0.391667
7 0.428906 0.561111 0.0546875 0.0861111
