7 0.366406 0.553472 0.015625 0.0236111
7 0.427344 0.557639 0.0234375 0.0375
2 0.44375 0.521528 0.0140625 0.0125
2 0.457812 0.522222 0.0125 0.0138889
2 0.53125 0.525694 0.009375 0.0180556
2 0.469141 0.524306 0.0101562 0.0152778
7 0.194141 0.575 0.0257812 0.0305556
2 0.424609 0.5125 0.0132813 0.0111111
7 0.348437 0.553472 0.0234375 0.0263889
7 0.483203 0.547222 0.0179687 0.0277778
5 0.0984375 0.5 0.196875 0.716667
7 0.5125 0.551389 0.021875 0.0305556
7 0.239063 0.56875 0.03125 0.0347222
2 0.484375 0.515972 0.0125 0.0125
2 0.507812 0.513889 0.015625 0.0138889
2 0.642969 0.499306 0.0125 0.0208333
7 0.578125 0.546528 0.0265625 0.0486111
2 0.392188 0.511806 0.021875 0.0291667
7 0.961719 0.61875 0.0765625 0.195833
7 0.463672 0.558333 0.0304688 0.0416667
7 0.651172 0.554861 0.0429688 0.0569444
7 0.546875 0.565278 0.059375 0.075
2 0.391406 0.470833 0.0296875 0.05
7 0.398438 0.571528 0.0625 0.0708333
