7 0.474219 0.453472 0.0125 0.0319444
2 0.595312 0.418056 0.00625 0.0111111
7 0.696484 0.477083 0.0789063 0.0986111
7 0.646484 0.478472 0.0273438 0.0541667
2 0.465234 0.419444 0.00859375 0.0194444
7 0.589844 0.463194 0.0140625 0.0291667
5 0.696875 0.475694 0.0828125 0.0986111
2 0.575781 0.416667 0.009375 0.0138889
7 0.539062 0.459028 0.0203125 0.0291667
7 0.630078 0.471528 0.0320312 0.0541667
2 0.583594 0.424306 0.0078125 0.0152778
7 0.608984 0.459722 0.0320312 0.0472222
7 0.461328 0.458333 0.0257812 0.0444444
7 0.440625 0.468056 0.034375 0.0666667
7 0.561719 0.465972 0.0359375 0.0458333
7 0.503125 0.467361 0.046875 0.0652778
7 0.394531 0.472222 0.0828125 0.113889
7 0.284375 0.523611 0.189063 0.216667
