2 0.558203 0.516667 0.00546875 0.0111111
2 0.3125 0.439583 0.01875 0.0319444
7 0.507812 0.557639 0.0171875 0.0291667
1 0.5375 0.511806 0.00625 0.0125
1 0.507031 0.5125 0.00625 0.0138889
7 0.495703 0.566667 0.0164062 0.0305556
7 0.458984 0.579167 0.0367187 0.0722222
1 0.505078 0.484722 0.00703125 0.0194444
1 0.570312 0.48125 0.009375 0.0208333
7 0.589453 0.565972 0.0304688 0.0569444
7 0.572266 0.5625 0.0195312 0.05
7 0.484375 0.572222 0.0203125 0.0388889
7 0.598828 0.574306 0.0242187 0.0597222
7 0.527734 0.539583 0.0132813 0.0180556
7 0.435547 0.592361 0.0429688 0.0791667
7 0.549609 0.552778 0.0226563 0.0361111
7 0.617188 0.580556 0.0390625 0.0722222
7 0.652734 0.588194 0.0648438 0.131944
7 0.392969 0.605556 0.0921875 0.111111
2 0.7125 0.440972 0.03125 0.0652778
7 0.703906 0.607639 0.103125 0.170833
7 0.825391 0.659028 0.257031 0.240278
7 0.286719 0.671528 0.159375 0.206944
7 0.133594 0.780556 0.265625 0.416667
