7 0.390625 0.611806 0.015625 0.0208333
7 0.371875 0.616667 0.0140625 0.0305556
7 0.397656 0.610417 0.0140625 0.0208333
7 0.433984 0.613889 0.0132813 0.0222222
3 0.621094 0.654861 0.021875 0.109722
7 0.441016 0.616667 0.0148437 0.0277778
7 0.451172 0.620833 0.0164062 0.0388889
7 0.383594 0.6125 0.015625 0.0222222
7 0.357812 0.613889 0.0265625 0.0388889
7 0.463672 0.627083 0.0242187 0.0569444
7 0.979297 0.679167 0.0414063 0.144444
1 0.596484 0.519444 0.0179687 0.0333333
1 0.152734 0.502778 0.0179687 0.0305556
3 0.65 0.640972 0.028125 0.145833
7 0.333594 0.623611 0.0375 0.0416667
1 0.138672 0.152778 0.0289063 0.0777778
1 0.675 0.0430556 0.0296875 0.0833333
2 0.176953 0.414583 0.0210938 0.0791667
1 0.0554687 0.0361111 0.0375 0.0694444
7 0.898438 0.683333 0.132812 0.0944444
7 0.497266 0.636806 0.0695312 0.0930556
