7 0.260156 0.550694 0.0515625 0.0430556
7 0.509375 0.525 0.0140625 0.025
7 0.487891 0.516667 0.0101562 0.0166667
7 0.517578 0.535417 0.0132813 0.0291667
2 0.603906 0.445833 0.0109375 0.0166667
1 0.564062 0.310417 0.0109375 0.0402778
1 0.267578 0.368056 0.0117188 0.0305556
7 0.451562 0.525 0.015625 0.0222222
1 0.510156 0.469444 0.00625 0.0166667
7 0.528125 0.536806 0.01875 0.0430556
1 0.415625 0.475694 0.0078125 0.0180556
2 0.742578 0.397222 0.0257812 0.025
7 0.196484 0.55625 0.0445312 0.0430556
2 0.318359 0.479861 0.0210938 0.0125
2 0.524609 0.472222 0.0210938 0.0111111
7 0.553516 0.5375 0.0414063 0.0611111
2 0.671094 0.377778 0.025 0.0166667
1 0.764844 0.39375 0.0171875 0.0319444
7 0.475391 0.525 0.0148437 0.025
2 0.655078 0.395139 0.0242187 0.0180556
2 0.60625 0.320833 0.065625 0.0277778
7 0.878125 0.6375 0.24375 0.508333
7 0.569141 0.547917 0.0507812 0.0569444
7 0.0902344 0.569444 0.0710938 0.0555556
7 0.427734 0.543056 0.0460938 0.0611111
7 0.735156 0.586111 0.201562 0.25
