7 0.527344 0.532639 0.0125 0.0152778
7 0.510547 0.534722 0.0117188 0.0166667
7 0.500781 0.534722 0.0109375 0.0138889
7 0.487109 0.534028 0.0132813 0.0152778
7 0.467578 0.534722 0.0179687 0.0194444
2 0.382812 0.446528 0.0125 0.0236111
7 0.419531 0.5375 0.028125 0.0305556
7 0.333594 0.536806 0.034375 0.0430556
2 0.535937 0.486111 0.0203125 0.025
7 0.445703 0.545833 0.0320312 0.0444444
2 0.295312 0.352778 0.03125 0.0722222
7 0.0980469 0.546528 0.0945313 0.0680556
7 0.248437 0.534028 0.0609375 0.0513889
