1 0.347266 0.335417 0.0117188 0.0291667
7 0.525391 0.361806 0.0117188 0.0152778
1 0.140234 0.397917 0.0320312 0.0430556
7 0.579297 0.354861 0.0132813 0.0236111
1 0.535937 0.336806 0.00625 0.0125
7 0.505859 0.375 0.0179687 0.025
7 0.517187 0.366667 0.0109375 0.0194444
2 0.585547 0.324306 0.00703125 0.0152778
2 0.675 0.221528 0.0203125 0.0152778
1 0.580469 0.193056 0.0109375 0.0388889
1 0.338672 0.175694 0.0148437 0.0486111
1 0.809766 0.191667 0.0289063 0.0361111
1 0.679688 0.269444 0.0140625 0.025
1 0.772656 0.134722 0.015625 0.0583333
7 0.451953 0.404861 0.0335938 0.0375
7 0.614453 0.359028 0.0351562 0.0458333
7 0.811328 0.377778 0.150781 0.202778
7 0.913672 0.434722 0.172656 0.311111
