1 0.543359 0.348611 0.00859375 0.0166667
7 0.465234 0.384722 0.0148437 0.0222222
1 0.386328 0.352778 0.00703125 0.0138889
2 0.533594 0.327778 0.0140625 0.0111111
7 0.485938 0.390972 0.03125 0.0347222
7 0.278125 0.384028 0.034375 0.0291667
1 0.471484 0.284028 0.00859375 0.0208333
1 0.316406 0.315278 0.009375 0.0194444
7 0.518359 0.397917 0.0320312 0.0652778
7 0.529688 0.402083 0.0375 0.0708333
2 0.490625 0.351389 0.009375 0.0166667
2 0.51875 0.329167 0.009375 0.025
7 0.552734 0.409722 0.0492188 0.0777778
2 0.532422 0.28125 0.0132813 0.0180556
7 0.383984 0.386111 0.0242187 0.0361111
7 0.579687 0.415972 0.0484375 0.0930556
7 0.441406 0.399306 0.0484375 0.0652778
7 0.339453 0.408333 0.0804688 0.111111
7 0.641016 0.434028 0.135156 0.143056
