7 0.593359 0.477083 0.0242187 0.0625
7 0.539844 0.461806 0.0140625 0.0263889
7 0.490234 0.458333 0.0117188 0.025
1 0.542188 0.411111 0.00625 0.0166667
7 0.529688 0.458333 0.0125 0.0194444
7 0.496875 0.454167 0.0109375 0.0194444
7 0.547266 0.4625 0.0179687 0.0333333
2 0.589063 0.397222 0.0125 0.0111111
2 0.583594 0.4125 0.0125 0.0111111
7 0.564062 0.469444 0.025 0.0527778
7 0.581641 0.477778 0.0242187 0.0527778
7 0.480078 0.460417 0.0148437 0.0347222
7 0.515234 0.447222 0.0101562 0.0138889
7 0.463281 0.461806 0.0296875 0.0569444
2 0.723437 0.329167 0.0171875 0.0222222
7 0.436719 0.472917 0.0390625 0.0791667
7 0.637891 0.478472 0.0789063 0.1125
7 0.407813 0.474306 0.0515625 0.104167
7 0.927734 0.586111 0.142969 0.355556
7 0.807422 0.539583 0.205469 0.2125
7 0.359375 0.486111 0.115625 0.130556
