7 0.269922 0.476389 0.0367187 0.0388889
7 0.411328 0.465972 0.0164062 0.0263889
7 0.567578 0.465972 0.0132813 0.0180556
7 0.438672 0.465278 0.0226563 0.0277778
7 0.679297 0.46875 0.0164062 0.0347222
3 0.848828 0.470139 0.0148437 0.0680556
1 0.579297 0.426389 0.00546875 0.0138889
7 0.669922 0.468056 0.0164062 0.0305556
1 0.827344 0.402778 0.0109375 0.0194444
1 0.815234 0.404167 0.00859375 0.0166667
7 0.465625 0.465972 0.0140625 0.0236111
1 0.600781 0.427778 0.00625 0.0138889
7 0.660547 0.468056 0.0117188 0.0277778
1 0.551172 0.288889 0.0117188 0.0388889
7 0.623438 0.463194 0.009375 0.0180556
7 0.581641 0.459722 0.0117188 0.0138889
7 0.696875 0.470833 0.028125 0.0416667
7 0.389453 0.46875 0.0304688 0.0430556
2 0.810547 0.356944 0.0210938 0.0166667
1 0.761719 0.273611 0.0125 0.0472222
7 0.633984 0.465972 0.0164062 0.0208333
7 0.724219 0.480556 0.0453125 0.05
2 0.647266 0.443056 0.00703125 0.0166667
7 0.134766 0.472917 0.0757812 0.0569444
7 0.603906 0.465278 0.015625 0.0222222
2 0.811328 0.295833 0.0179687 0.0472222
7 0.350781 0.469444 0.0390625 0.0527778
7 0.314063 0.474306 0.034375 0.0430556
7 0.938281 0.499306 0.123438 0.148611
