7 0.534766 0.570833 0.0101562 0.0222222
7 0.451172 0.579861 0.0195312 0.0347222
7 0.523438 0.574306 0.0140625 0.0291667
7 0.513672 0.571528 0.0179687 0.0402778
2 0.553125 0.484028 0.01875 0.00972222
2 0.591406 0.538889 0.0078125 0.0222222
2 0.521484 0.49375 0.0195312 0.00972222
2 0.492188 0.526389 0.0078125 0.0138889
7 0.508984 0.579167 0.0148437 0.0444444
2 0.521484 0.507639 0.0304688 0.0208333
7 0.312109 0.597222 0.0460938 0.0666667
2 0.605078 0.513194 0.0179687 0.0319444
2 0.553906 0.504167 0.0328125 0.0361111
7 0.0902344 0.706944 0.178906 0.369444
7 0.557031 0.586806 0.046875 0.0652778
7 0.482812 0.580556 0.0484375 0.0694444
7 0.236719 0.616667 0.140625 0.127778
7 0.409766 0.605556 0.0945313 0.127778
