7 0.472266 0.403472 0.0148437 0.0180556
7 0.496484 0.409028 0.0132813 0.0236111
7 0.489844 0.407639 0.0140625 0.0208333
7 0.476562 0.404861 0.0140625 0.0180556
7 0.317578 0.397222 0.0257812 0.0361111
1 0.451953 0.369444 0.00703125 0.0166667
7 0.382422 0.393056 0.0226563 0.0333333
7 0.275 0.399306 0.0265625 0.0375
7 0.507812 0.4125 0.0171875 0.0277778
7 0.543359 0.422222 0.0226563 0.0527778
1 0.432422 0.3625 0.00703125 0.0166667
7 0.558594 0.423611 0.028125 0.0638889
7 0.345313 0.395833 0.0390625 0.0472222
7 0.960938 0.573611 0.0765625 0.219444
7 0.526172 0.415972 0.0273438 0.0430556
7 0.841406 0.481944 0.21875 0.247222
7 0.228906 0.400694 0.065625 0.0569444
7 0.0835937 0.398611 0.103125 0.0916667
2 0.354297 0.267361 0.0257812 0.0513889
7 0.428125 0.44375 0.0984375 0.1375
7 0.645703 0.454167 0.186719 0.241667
