7 0.805859 0.320139 0.0585938 0.123611
7 0.488672 0.288889 0.0164062 0.0194444
7 0.919531 0.299306 0.160938 0.209722
7 0.547656 0.293056 0.01875 0.025
7 0.225 0.3125 0.0546875 0.0361111
7 0.451562 0.289583 0.025 0.0236111
7 0.377734 0.295833 0.0320312 0.0305556
2 0.592969 0.235417 0.0203125 0.0152778
7 0.296094 0.3125 0.053125 0.0333333
2 0.319922 0.181944 0.0601562 0.0472222
7 0.0496094 0.313889 0.0992187 0.075
5 0.607422 0.292361 0.0679687 0.0958333
7 0.519531 0.306944 0.040625 0.0583333
7 0.710547 0.336111 0.146094 0.161111
