1 0.448047 0.36875 0.00703125 0.0263889
3 0.595703 0.472222 0.00703125 0.0361111
3 0.602734 0.470833 0.00859375 0.0388889
2 0.579687 0.415972 0.0125 0.0180556
1 0.502734 0.421528 0.00546875 0.0152778
0 0.526953 0.436111 0.0523437 0.0333333
3 0.699219 0.454167 0.009375 0.0166667
1 0.454688 0.370139 0.0078125 0.0263889
1 0.542188 0.383333 0.0078125 0.0222222
3 0.685547 0.447917 0.0101562 0.0291667
7 0.572656 0.475 0.0171875 0.0416667
2 0.620313 0.419444 0.0109375 0.025
7 0.459375 0.472222 0.0265625 0.0555556
3 0.278906 0.471528 0.0140625 0.0763889
3 0.241406 0.476389 0.015625 0.075
7 0.378516 0.481944 0.0414063 0.0638889
7 0.425781 0.488889 0.0609375 0.0888889
2 0.754687 0.274306 0.05 0.0652778
7 0.857422 0.560417 0.285156 0.595833
7 0.683594 0.515972 0.09375 0.1125
7 0.112109 0.536111 0.211719 0.163889
7 0.520703 0.550694 0.141406 0.206944
