7 0.679297 0.450694 0.0257812 0.0430556
2 0.925781 0.319444 0.0203125 0.0583333
7 0.591016 0.441667 0.0195312 0.0305556
1 0.616797 0.361111 0.00859375 0.0194444
7 0.808594 0.473611 0.04375 0.111111
3 0.222266 0.447917 0.0257812 0.0680556
7 0.500781 0.475694 0.04375 0.0958333
7 0.553125 0.477778 0.06875 0.0916667
7 0.867578 0.490278 0.113281 0.136111
7 0.910937 0.6625 0.175 0.558333
7 0.739844 0.476389 0.104687 0.144444
7 0.630469 0.496528 0.0984375 0.148611
7 0.346875 0.533333 0.2875 0.322222
7 0.108203 0.586806 0.214844 0.359722
