2 0.365625 0.324306 0.009375 0.0152778
7 0.517187 0.390278 0.0109375 0.0166667
7 0.473437 0.393056 0.015625 0.0277778
1 0.518359 0.352083 0.00546875 0.0125
7 0.320703 0.395833 0.0414063 0.0388889
7 0.464844 0.392361 0.0171875 0.0291667
1 0.45625 0.272917 0.0078125 0.0319444
7 0.532422 0.395139 0.0148437 0.0263889
1 0.5875 0.351389 0.009375 0.0166667
7 0.495313 0.393056 0.0109375 0.0166667
2 0.608203 0.309028 0.0179687 0.0152778
7 0.447656 0.390972 0.0265625 0.0347222
2 0.578125 0.3375 0.0140625 0.0111111
1 0.535547 0.292361 0.00703125 0.0263889
7 0.541016 0.402083 0.0179687 0.0208333
1 0.447656 0.273611 0.009375 0.0333333
1 0.527344 0.292361 0.0078125 0.0291667
2 0.420312 0.330556 0.0125 0.0111111
7 0.406641 0.411806 0.0460938 0.0708333
2 0.547656 0.361111 0.0078125 0.0166667
2 0.841406 0.214583 0.03125 0.0402778
7 0.616016 0.425694 0.0632813 0.0847222
7 0.364844 0.429167 0.0796875 0.0777778
7 0.717969 0.427778 0.167187 0.225
