2 0.451172 0.368056 0.00859375 0.0111111
2 0.449609 0.308333 0.00859375 0.0333333
2 0.819141 0.136806 0.0273438 0.0208333
2 0.806641 0.188889 0.0351562 0.0222222
2 0.251953 0.330556 0.0242187 0.0166667
7 0.948047 0.589583 0.103906 0.281944
7 0.522266 0.422917 0.0523437 0.0569444
7 0.591016 0.395139 0.0539063 0.0458333
2 0.557813 0.329861 0.01875 0.0347222
2 0.358594 0.359722 0.0203125 0.0361111
2 0.741406 0.270139 0.0421875 0.0708333
7 0.266797 0.520833 0.144531 0.191667
7 0.809375 0.510417 0.23125 0.276389
7 0.677734 0.484722 0.128906 0.161111
2 0.219531 0.336806 0.04375 0.0763889
7 0.130859 0.594444 0.258594 0.380556
