7 0.910547 0.428472 0.177344 0.426389
7 0.402344 0.215972 0.015625 0.0263889
2 0.485547 0.192361 0.00703125 0.00972222
7 0.300391 0.211806 0.0210938 0.0263889
7 0.382812 0.216667 0.0234375 0.0388889
2 0.463281 0.179167 0.0203125 0.0138889
7 0.264453 0.217361 0.0257812 0.0263889
7 0.475781 0.226389 0.0296875 0.0472222
7 0.223438 0.215278 0.028125 0.0305556
7 0.0328125 0.217361 0.0640625 0.0597222
7 0.355469 0.231944 0.0453125 0.0611111
7 0.527734 0.244444 0.0617188 0.0777778
7 0.433594 0.247917 0.06875 0.101389
7 0.630078 0.243056 0.0960938 0.108333
