7 0.396094 0.502778 0.015625 0.0194444
1 0.541797 0.305556 0.00859375 0.0472222
2 0.0488281 0.410417 0.0132813 0.0291667
1 0.551172 0.302083 0.0101562 0.0486111
1 0.383984 0.396528 0.0101562 0.0347222
1 0.0257812 0.436806 0.0109375 0.0208333
1 0.642187 0.445139 0.0125 0.0291667
1 0.827734 0.366667 0.0367187 0.0555556
7 0.446484 0.506944 0.0320312 0.0361111
7 0.581641 0.519444 0.0398437 0.0638889
7 0.90625 0.621528 0.182812 0.598611
2 0.588672 0.331944 0.0570313 0.0222222
7 0.253906 0.555556 0.229687 0.313889
7 0.0964844 0.674306 0.191406 0.459722
7 0.769922 0.604861 0.166406 0.229167
7 0.512109 0.607639 0.166406 0.229167
