7 0.0277344 0.663194 0.0554687 0.0875
7 0.441406 0.651389 0.0140625 0.025
7 0.430078 0.652083 0.0117188 0.0236111
7 0.458594 0.650694 0.015625 0.0319444
1 0.325391 0.568056 0.00859375 0.0222222
7 0.0554687 0.657639 0.0859375 0.0930556
7 0.467578 0.652778 0.0179687 0.0416667
1 0.427734 0.572222 0.00859375 0.0222222
7 0.130469 0.655556 0.0765625 0.0805556
1 0.844922 0.48125 0.0273438 0.0513889
2 0.287891 0.565278 0.0242187 0.0166667
2 0.450391 0.575 0.0195312 0.0138889
7 0.488672 0.65625 0.0382813 0.0513889
7 0.530078 0.663889 0.0460938 0.105556
7 0.196094 0.649306 0.0578125 0.0680556
7 0.568359 0.672917 0.0789063 0.123611
2 0.523047 0.577778 0.0179687 0.0416667
7 0.652734 0.690278 0.174219 0.183333
7 0.357812 0.680556 0.110937 0.138889
