1 0.536719 0.454861 0.009375 0.0291667
7 0.520703 0.556944 0.0117188 0.025
1 0.622656 0.459722 0.0109375 0.025
7 0.501562 0.554861 0.03125 0.0486111
1 0.671875 0.490278 0.009375 0.0222222
2 0.4625 0.494444 0.0140625 0.0222222
7 0.55625 0.547222 0.021875 0.0305556
2 0.673437 0.460417 0.0109375 0.0263889
7 0.579687 0.554861 0.028125 0.0402778
7 0.433203 0.584028 0.0335938 0.0708333
7 0.4 0.589583 0.0484375 0.0902778
7 0.265625 0.622222 0.109375 0.144444
7 0.798047 0.603472 0.0757812 0.0958333
7 0.111328 0.652083 0.221094 0.206944
7 0.341016 0.597917 0.0820312 0.115278
7 0.641406 0.56875 0.05 0.0708333
7 0.7125 0.586806 0.10625 0.173611
7 0.879687 0.620833 0.148438 0.15
