7 0.564453 0.543056 0.0164062 0.0222222
7 0.427734 0.53125 0.0195312 0.0236111
1 0.0808594 0.516667 0.0117188 0.0194444
7 0.238672 0.564583 0.0414063 0.0375
1 0.553125 0.508333 0.0078125 0.0166667
7 0.282422 0.557639 0.0273438 0.0291667
1 0.463672 0.511111 0.00703125 0.0166667
1 0.447266 0.4625 0.0101562 0.025
7 0.402734 0.545833 0.0242187 0.0361111
7 0.576953 0.544444 0.0148437 0.025
7 0.253125 0.561806 0.040625 0.0375
7 0.520703 0.544444 0.0164062 0.0277778
7 0.306641 0.552083 0.0367187 0.0319444
2 0.447266 0.492361 0.0101562 0.0236111
7 0.592188 0.545139 0.021875 0.0291667
7 0.504687 0.538889 0.0125 0.0166667
7 0.358594 0.554167 0.0421875 0.0444444
7 0.619922 0.550694 0.0429688 0.0430556
7 0.483984 0.539583 0.0195312 0.0319444
7 0.539453 0.554861 0.0351562 0.0458333
7 0.8125 0.571528 0.078125 0.109722
