1 0.371094 0.41875 0.0046875 0.0152778
7 0.458984 0.489583 0.0117188 0.0180556
7 0.447266 0.488889 0.0101562 0.0166667
7 0.123828 0.479167 0.0804688 0.0444444
7 0.277344 0.475694 0.0171875 0.0180556
1 0.346875 0.4625 0.0078125 0.0138889
1 0.4125 0.454167 0.00625 0.0138889
1 0.422266 0.4375 0.00546875 0.0138889
2 0.392188 0.428472 0.00625 0.0125
1 0.00742187 0.399306 0.0117188 0.0236111
1 0.263672 0.363889 0.0101562 0.0277778
1 0.572266 0.404861 0.00859375 0.0236111
7 0.428125 0.484722 0.0140625 0.0277778
7 0.151953 0.48125 0.0304688 0.0319444
1 0.464844 0.448611 0.0078125 0.0194444
1 0.192578 0.334722 0.00859375 0.0333333
1 0.182422 0.335417 0.0101562 0.0319444
7 0.241406 0.479861 0.0296875 0.0291667
7 0.203516 0.477083 0.0320312 0.0319444
2 0.326562 0.395833 0.0125 0.0222222
7 0.0273438 0.530556 0.0546875 0.138889
2 0.326172 0.422222 0.0101562 0.0222222
7 0.412109 0.499306 0.0367187 0.0569444
2 0.519922 0.363889 0.0648438 0.05
7 0.694922 0.545833 0.0914062 0.119444
7 0.490625 0.4875 0.04375 0.0861111
7 0.599219 0.534028 0.135937 0.190278
