1 0.861328 0.409028 0.0117188 0.0263889
2 0.870313 0.491667 0.0203125 0.0166667
1 0.901563 0.322917 0.015625 0.0375
7 0.479297 0.534722 0.0195312 0.0361111
1 0.401563 0.299306 0.0109375 0.0430556
7 0.492969 0.53125 0.0140625 0.0263889
7 0.182422 0.509028 0.0289063 0.0347222
2 0.588672 0.483333 0.00859375 0.00833333
7 0.878516 0.597222 0.0304688 0.0361111
1 0.694922 0.339583 0.0117188 0.0458333
1 0.680469 0.343056 0.0109375 0.0472222
1 0.390625 0.303472 0.009375 0.0402778
7 0.919141 0.627778 0.0648438 0.0694444
1 0.646484 0.516667 0.00859375 0.0166667
1 0.360938 0.466667 0.0109375 0.0222222
2 0.865625 0.466667 0.01875 0.0166667
2 0.285547 0.4 0.0164062 0.0555556
2 0.278125 0.447222 0.0203125 0.0166667
2 0.655469 0.534722 0.0125 0.0333333
2 0.605469 0.498611 0.0125 0.025
7 0.933594 0.647917 0.132812 0.193056
7 0.833203 0.590278 0.0492188 0.0444444
7 0.43125 0.527083 0.025 0.0319444
7 0.703516 0.575 0.0507812 0.0444444
7 0.466406 0.541667 0.034375 0.0444444
2 0.983594 0.328472 0.0328125 0.0625
7 0.112109 0.49375 0.0867188 0.0625
7 0.777734 0.586111 0.0601562 0.0472222
7 0.0371094 0.470833 0.0742188 0.136111
7 0.322656 0.517361 0.08125 0.0597222
7 0.579297 0.549306 0.132031 0.104167
