7 0.623047 0.515972 0.0257812 0.0263889
7 0.207422 0.465972 0.0195312 0.0236111
7 0.486719 0.48125 0.009375 0.0125
7 0.226562 0.46875 0.028125 0.0236111
7 0.267578 0.46875 0.0195312 0.0180556
7 0.567969 0.495139 0.0140625 0.0152778
7 0.80625 0.533333 0.0359375 0.0388889
7 0.457422 0.472222 0.0132813 0.0166667
7 0.780469 0.530556 0.03125 0.0361111
7 0.244531 0.475694 0.021875 0.0263889
7 0.755469 0.528472 0.0328125 0.0375
7 0.0160156 0.443056 0.0320312 0.0694444
7 0.951563 0.551389 0.034375 0.0277778
7 0.667969 0.519444 0.0328125 0.0277778
7 0.727344 0.538194 0.0421875 0.0402778
7 0.182422 0.467361 0.0257812 0.0236111
7 0.850781 0.545833 0.0578125 0.0555556
7 0.693359 0.530556 0.0398437 0.0333333
7 0.516406 0.50625 0.0421875 0.0569444
7 0.889453 0.561111 0.0945313 0.0777778
7 0.409766 0.529167 0.0929687 0.133333
