2 0.517578 0.494444 0.00546875 0.0138889
7 0.427344 0.509722 0.01875 0.0416667
7 0.514844 0.513194 0.0125 0.0208333
1 0.676172 0.460417 0.0101562 0.0263889
2 0.698047 0.391667 0.0289063 0.0166667
7 0.447656 0.506944 0.0125 0.0277778
7 0.550391 0.529167 0.0320312 0.0555556
8 0.526172 0.524306 0.0148437 0.0680556
7 0.439063 0.506944 0.0171875 0.0361111
7 0.504297 0.509028 0.0117188 0.0180556
7 0.463281 0.506944 0.0171875 0.0194444
1 0.468359 0.440278 0.00859375 0.0194444
1 0.514844 0.452083 0.0078125 0.0180556
7 0.413672 0.516667 0.0164062 0.0416667
7 0.490625 0.508333 0.0125 0.0166667
4 0.525 0.550694 0.0171875 0.0541667
1 0.247266 0.408333 0.0179687 0.0305556
7 0.558594 0.540278 0.03125 0.0611111
2 0.588281 0.470833 0.0125 0.0222222
1 0.701953 0.458333 0.0210938 0.0333333
7 0.398828 0.521528 0.0273438 0.0513889
1 0.683203 0.154861 0.0210938 0.0875
1 0.350391 0.209722 0.0164062 0.0638889
2 0.681641 0.413889 0.0320312 0.025
2 0.264844 0.364583 0.034375 0.0208333
1 0.656641 0.15625 0.0210938 0.0791667
1 0.367969 0.208333 0.0171875 0.0722222
2 0.567969 0.457639 0.0125 0.0291667
7 0.921484 0.783333 0.157031 0.386111
7 0.351172 0.527083 0.0789063 0.0986111
7 0.592188 0.561111 0.0703125 0.0944444
