1 0.495313 0.386806 0.0109375 0.0263889
7 0.503125 0.49375 0.0171875 0.0291667
2 0.0417969 0.0305556 0.0742188 0.0583333
5 0.573047 0.479167 0.0382813 0.0694444
7 0.430469 0.509722 0.0171875 0.0611111
1 0.575781 0.402778 0.009375 0.0277778
1 0.448828 0.436111 0.00859375 0.0305556
2 0.658594 0.447917 0.0125 0.0208333
1 0.0144531 0.353472 0.0179687 0.0347222
7 0.484375 0.501389 0.0296875 0.0416667
7 0.446484 0.504167 0.0304688 0.0527778
7 0.654297 0.479167 0.0554687 0.0305556
7 0.532031 0.496528 0.0359375 0.0486111
7 0.592578 0.502778 0.0476562 0.0555556
2 0.250781 0.374306 0.046875 0.0819444
7 0.388281 0.511806 0.078125 0.106944
7 0.676172 0.602778 0.230469 0.225
