7 0.204688 0.423611 0.0453125 0.0527778
7 0.246094 0.413194 0.0234375 0.0263889
2 0.667578 0.409722 0.00859375 0.0222222
7 0.339844 0.446528 0.03125 0.0736111
2 0.6875 0.41875 0.0078125 0.0180556
7 0.632422 0.479861 0.0320312 0.0375
7 0.617188 0.46875 0.021875 0.0347222
1 0.866406 0.418056 0.015625 0.0305556
1 0.539453 0.409028 0.00546875 0.0152778
6 0.597656 0.488194 0.009375 0.0291667
7 0.455469 0.461111 0.028125 0.0472222
1 0.611328 0.199306 0.0148437 0.0402778
1 0.881641 0.263194 0.0148437 0.0513889
7 0.367969 0.452083 0.04375 0.0791667
1 0.863672 0.254167 0.0164062 0.0694444
7 0.551562 0.457639 0.015625 0.0236111
7 0.644922 0.494444 0.0257812 0.0555556
2 0.480469 0.414583 0.0078125 0.0180556
3 0.160156 0.489583 0.053125 0.181944
3 0.0207031 0.470833 0.0367187 0.175
7 0.50625 0.467361 0.0265625 0.0458333
7 0.272656 0.479167 0.109375 0.122222
7 0.676562 0.507639 0.059375 0.0819444
7 0.410937 0.479861 0.078125 0.0986111
7 0.531641 0.485417 0.0414063 0.0569444
