7 0.595312 0.447222 0.0125 0.025
2 0.656641 0.396528 0.00546875 0.0152778
7 0.60625 0.440278 0.0171875 0.0333333
7 0.671484 0.436806 0.0132813 0.0152778
2 0.619922 0.363889 0.0132813 0.00833333
2 0.560547 0.397222 0.00703125 0.0166667
7 0.634766 0.433333 0.0148437 0.0138889
7 0.706641 0.442361 0.0289063 0.0236111
2 0.761328 0.397917 0.0179687 0.0319444
2 0.6125 0.378472 0.0453125 0.0263889
7 0.355859 0.46875 0.0914062 0.0902778
7 0.946484 0.465972 0.107031 0.101389
7 0.639844 0.477778 0.0671875 0.0805556
2 0.463672 0.219444 0.0429688 0.0972222
7 0.138281 0.495139 0.15625 0.1125
7 0.542969 0.495833 0.114063 0.177778
