7 0.486719 0.382639 0.0125 0.0236111
1 0.654688 0.254861 0.0078125 0.0208333
2 0.683594 0.309722 0.009375 0.0194444
7 0.395312 0.379861 0.025 0.0541667
2 0.587109 0.309722 0.0117188 0.0222222
2 0.790234 0.315972 0.0148437 0.0236111
2 0.526563 0.304167 0.0171875 0.0111111
2 0.749609 0.328472 0.0132813 0.0236111
7 0.471094 0.377083 0.0234375 0.0347222
0 0.202734 0.343056 0.133594 0.119444
7 0.773828 0.43125 0.157031 0.190278
7 0.627344 0.400694 0.0578125 0.0847222
7 0.597656 0.39375 0.0328125 0.0569444
2 0.519922 0.324306 0.0304688 0.0319444
7 0.166797 0.391667 0.0851562 0.0861111
2 0.664062 0.307639 0.01875 0.0402778
7 0.433594 0.391667 0.059375 0.0861111
7 0.66875 0.415972 0.0890625 0.104167
2 0.772656 0.227778 0.075 0.075
7 0.546875 0.419444 0.0921875 0.141667
7 0.313672 0.420833 0.164844 0.225
