7 0.523047 0.53125 0.0117188 0.0236111
7 0.471875 0.529861 0.0140625 0.0208333
7 0.541016 0.53125 0.0132813 0.0236111
7 0.532422 0.536806 0.0132813 0.0319444
7 0.430859 0.538889 0.0210938 0.0388889
7 0.551562 0.529861 0.0125 0.0263889
7 0.408984 0.535417 0.0242187 0.0402778
7 0.453516 0.532639 0.0226563 0.0319444
7 0.965625 0.649306 0.06875 0.248611
7 0.357031 0.556944 0.0328125 0.0583333
7 0.267969 0.589583 0.0609375 0.0875
7 0.566797 0.527778 0.0257812 0.0361111
7 0.684766 0.548611 0.0476562 0.0861111
7 0.509766 0.540278 0.0304688 0.0416667
7 0.319141 0.561806 0.0539063 0.0791667
7 0.384766 0.549306 0.0351562 0.0486111
7 0.192188 0.604167 0.125 0.127778
7 0.717188 0.572917 0.0859375 0.123611
7 0.622266 0.5625 0.103906 0.147222
7 0.842578 0.576389 0.228906 0.219444
