2 0.596875 0.179167 0.0203125 0.0194444
2 0.207031 0.409722 0.015625 0.025
2 0.294141 0.39375 0.0101562 0.0152778
2 0.294531 0.377778 0.0109375 0.0166667
2 0.207422 0.386806 0.0148437 0.0236111
2 0.89375 0.206944 0.025 0.0166667
7 0.338672 0.393056 0.0210938 0.0277778
1 0.621875 0.293056 0.009375 0.0277778
7 0.360938 0.391667 0.0234375 0.0305556
2 0.321875 0.35625 0.0078125 0.0152778
7 0.232422 0.392361 0.0445312 0.0541667
7 0.390234 0.388889 0.0242187 0.0277778
7 0.867969 0.397917 0.189063 0.0486111
7 0.968359 0.410417 0.0617188 0.0569444
7 0.684766 0.365278 0.219531 0.1
2 0.241406 0.274306 0.0203125 0.0402778
2 0.296875 0.291667 0.0171875 0.0333333
7 0.137109 0.411111 0.0882813 0.075
2 0.596875 0.289583 0.0375 0.0513889
7 0.473047 0.424306 0.138281 0.206944
