7 0.557031 0.435417 0.0125 0.0180556
7 0.601172 0.429861 0.0132813 0.0263889
2 0.64375 0.383333 0.0109375 0.0111111
1 0.603125 0.3625 0.009375 0.0194444
1 0.467187 0.369444 0.0078125 0.025
1 0.578516 0.390972 0.00703125 0.0180556
3 0.964844 0.441667 0.021875 0.111111
7 0.615625 0.436111 0.0234375 0.0388889
7 0.492578 0.441667 0.0132813 0.0222222
7 0.483203 0.445833 0.0132813 0.0222222
2 0.64375 0.358333 0.009375 0.0194444
7 0.469922 0.45 0.0210938 0.0305556
7 0.530078 0.439583 0.0304688 0.0402778
2 0.26875 0.374306 0.0140625 0.0402778
7 0.658203 0.452778 0.0226563 0.0527778
7 0.282422 0.478472 0.0617188 0.0819444
7 0.646094 0.445833 0.0265625 0.05
7 0.425 0.459028 0.03125 0.0375
7 0.582812 0.432639 0.01875 0.0263889
3 0.922266 0.442361 0.0226563 0.106944
7 0.217578 0.489583 0.0820312 0.0986111
7 0.384766 0.467361 0.0414063 0.0458333
3 0.944141 0.44375 0.0242187 0.115278
7 0.682813 0.452083 0.0390625 0.0736111
7 0.725 0.461111 0.0765625 0.0861111
7 0.090625 0.505556 0.173438 0.141667
