3 0.442578 0.657639 0.00703125 0.0291667
2 0.243359 0.545833 0.0117188 0.0138889
1 0.671875 0.613194 0.015625 0.0375
7 0.484766 0.663889 0.0179687 0.0222222
7 0.506641 0.669444 0.0289063 0.0361111
1 0.311328 0.477083 0.0101562 0.0402778
7 0.759766 0.696528 0.0851562 0.0791667
2 0.229297 0.517361 0.0148437 0.0152778
1 0.242578 0.572917 0.00859375 0.0208333
1 0.445703 0.602778 0.00703125 0.0166667
1 0.299219 0.481944 0.0109375 0.0388889
7 0.407813 0.653472 0.0140625 0.0236111
1 0.965234 0.333333 0.0242187 0.108333
7 0.394141 0.652778 0.0195312 0.025
3 0.430469 0.659028 0.0109375 0.0402778
3 0.542188 0.677778 0.0203125 0.0805556
7 0.373828 0.654861 0.0242187 0.0319444
7 0.460938 0.660417 0.0265625 0.0347222
2 0.353125 0.581944 0.0125 0.0222222
7 0.206641 0.633333 0.0445312 0.0527778
5 0.911328 0.681944 0.174219 0.166667
