1 0.287891 0.215278 0.0117188 0.0472222
1 0.911328 0.182639 0.0117188 0.0347222
1 0.0398437 0.190972 0.0140625 0.0486111
1 0.548828 0.250694 0.0101562 0.0402778
1 0.68125 0.36875 0.0109375 0.0236111
2 0.689844 0.319444 0.0125 0.0166667
1 0.199609 0.392361 0.0132813 0.0263889
2 0.180859 0.290278 0.0257812 0.0166667
2 0.941406 0.145833 0.034375 0.0277778
2 0.7 0.302778 0.021875 0.0138889
2 0.701563 0.345833 0.01875 0.0472222
2 0.182031 0.342361 0.0203125 0.0486111
7 0.340234 0.468056 0.0992187 0.0944444
7 0.615234 0.448611 0.0695312 0.0805556
7 0.817969 0.433333 0.167187 0.105556
7 0.206641 0.488194 0.211719 0.123611
7 0.494141 0.58125 0.288281 0.4125
