7 0.414453 0.474306 0.0132813 0.0236111
7 0.478516 0.484028 0.0179687 0.0236111
7 0.513281 0.49375 0.025 0.0263889
7 0.366406 0.504167 0.028125 0.0583333
2 0.575781 0.449306 0.0171875 0.0125
2 0.583594 0.428472 0.0125 0.0125
2 0.687891 0.390972 0.0164062 0.0513889
7 0.465234 0.477083 0.0148437 0.0236111
7 0.404297 0.483333 0.0179687 0.0333333
7 0.35 0.509722 0.0421875 0.0694444
7 0.384375 0.495139 0.028125 0.0375
7 0.04375 0.665972 0.0875 0.240278
7 0.592188 0.523611 0.040625 0.0694444
7 0.937891 0.666667 0.124219 0.208333
7 0.560156 0.518056 0.05 0.0583333
7 0.298438 0.527083 0.090625 0.109722
5 0.650781 0.54375 0.104687 0.129167
