7 0.495703 0.65 0.0101562 0.0138889
7 0.483203 0.649306 0.0117188 0.0208333
7 0.0152344 0.674306 0.0304688 0.0930556
7 0.526953 0.657639 0.0148437 0.0263889
2 0.752734 0.569444 0.0179687 0.0444444
1 0.744531 0.476389 0.0125 0.0472222
2 0.523828 0.61875 0.00859375 0.0152778
1 0.73125 0.477778 0.0125 0.05
1 0.777344 0.583333 0.0171875 0.0333333
1 0.408203 0.44375 0.0117188 0.0486111
1 0.394922 0.44375 0.0132813 0.0458333
2 0.342969 0.550694 0.021875 0.0125
1 0.992578 0.26875 0.0148437 0.0763889
7 0.547656 0.661806 0.03125 0.0430556
7 0.580078 0.677083 0.0445312 0.0680556
2 0.759375 0.50625 0.028125 0.0180556
7 0.400391 0.663889 0.0304688 0.0444444
5 0.975391 0.65 0.0492188 0.191667
7 0.447656 0.679167 0.0765625 0.111111
