7 0.464844 0.367361 0.0109375 0.0125
7 0.495313 0.377778 0.0109375 0.0166667
7 0.412109 0.369444 0.0101562 0.0138889
7 0.421094 0.372222 0.009375 0.0138889
2 0.388281 0.3375 0.0140625 0.025
7 0.473047 0.381944 0.0117188 0.0166667
2 0.503906 0.354167 0.009375 0.0111111
7 0.430078 0.379861 0.0148437 0.0208333
7 0.299219 0.384028 0.028125 0.0319444
7 0.128125 0.398611 0.08125 0.0611111
7 0.378906 0.379861 0.01875 0.0236111
2 0.450781 0.322917 0.009375 0.0152778
7 0.500391 0.395833 0.0195312 0.0277778
2 0.26875 0.2375 0.059375 0.0555556
7 0.539062 0.4 0.0234375 0.0333333
2 0.428906 0.322917 0.01875 0.0263889
