2 0.907031 0.408333 0.04375 0.025
1 0.900781 0.346528 0.01875 0.0402778
1 0.139062 0.477083 0.01875 0.0375
1 0.117578 0.473611 0.0195312 0.0416667
2 0.622266 0.449306 0.0195312 0.0152778
7 0.553906 0.544444 0.01875 0.025
7 0.530078 0.546528 0.0117188 0.0152778
7 0.580859 0.540972 0.0210938 0.0263889
1 0.0953125 0.3875 0.0203125 0.0694444
1 0.310547 0.395833 0.0164062 0.0777778
7 0.498047 0.544444 0.0226563 0.0361111
2 0.622266 0.475 0.0101562 0.0222222
2 0.657812 0.430556 0.0140625 0.025
7 0.4875 0.554861 0.0265625 0.0347222
7 0.606641 0.54375 0.0367187 0.0458333
2 0.090625 0.461111 0.0328125 0.0722222
3 0.667188 0.590972 0.04375 0.173611
7 0.916797 0.725694 0.164844 0.445833
