7 0.471094 0.563889 0.0140625 0.0222222
7 0.514453 0.554861 0.0132813 0.0263889
7 0.478516 0.5625 0.0148437 0.0222222
7 0.496875 0.561111 0.0171875 0.025
7 0.490234 0.5625 0.0164062 0.0222222
7 0.278516 0.558333 0.0164062 0.0333333
7 0.295312 0.5625 0.0203125 0.0277778
7 0.453516 0.564583 0.0117188 0.0208333
7 0.0855469 0.545833 0.171094 0.269444
7 0.320703 0.556944 0.0304688 0.0361111
7 0.365234 0.55625 0.0570313 0.0652778
7 0.203516 0.54375 0.0617188 0.0652778
7 0.253125 0.554167 0.0375 0.0444444
7 0.533203 0.55 0.0289063 0.0361111
2 0.401172 0.364583 0.0195312 0.0513889
7 0.602344 0.552083 0.114063 0.134722
