7 0.953906 0.611111 0.046875 0.0444444
5 0.772266 0.604167 0.0695312 0.0638889
0 0.772266 0.604167 0.0695312 0.0638889
7 0.989062 0.616667 0.021875 0.0388889
7 0.0136719 0.595833 0.0273438 0.0444444
1 0.720312 0.363194 0.0203125 0.109722
1 0.553906 0.0861111 0.021875 0.105556
1 0.708984 0.360417 0.0289063 0.120833
1 0.603516 0.0777778 0.0398437 0.133333
1 0.287891 0.406944 0.0164062 0.0638889
1 0.567969 0.0743056 0.03125 0.129167
7 0.840234 0.615972 0.0695312 0.0430556
2 0.686719 0.0395833 0.0390625 0.0763889
7 0.429688 0.606944 0.0890625 0.0777778
2 0.840234 0.0527778 0.178906 0.0972222
0 0.605859 0.56875 0.274219 0.1625
7 0.328516 0.613889 0.121094 0.0722222
