7 0.68125 0.370139 0.0140625 0.0347222
7 0.146094 0.3625 0.0390625 0.0388889
1 0.671094 0.313889 0.00625 0.0138889
7 0.629297 0.368056 0.0226563 0.0333333
7 0.0300781 0.38125 0.0335938 0.0347222
7 0.126172 0.364583 0.0414063 0.0402778
7 0.178125 0.367361 0.021875 0.0291667
1 0.829687 0.275694 0.0265625 0.0319444
1 0.809766 0.142361 0.0226563 0.0652778
7 0.54375 0.3625 0.0265625 0.0305556
1 0.551172 0.04375 0.0210938 0.0763889
7 0.427344 0.372917 0.0390625 0.0347222
7 0.08125 0.381944 0.0515625 0.0527778
7 0.701563 0.374306 0.040625 0.0597222
7 0.653125 0.400694 0.0546875 0.0736111
7 0.579297 0.374306 0.0445312 0.0625
7 0.483594 0.435417 0.135937 0.170833
