1 0.581641 0.584722 0.00703125 0.0166667
1 0.266406 0.507639 0.009375 0.0319444
2 0.557813 0.615972 0.009375 0.00972222
1 0.555078 0.629167 0.00703125 0.0138889
3 0.547266 0.663889 0.00859375 0.0361111
1 0.400391 0.622917 0.0117188 0.0236111
1 0.657422 0.565278 0.00703125 0.0194444
1 0.293359 0.5 0.0132813 0.05
1 0.504687 0.507639 0.009375 0.0402778
1 0.514844 0.506944 0.009375 0.0444444
2 0.398828 0.565278 0.0195312 0.0138889
7 0.639063 0.627778 0.0375 0.0944444
2 0.199219 0.513194 0.0234375 0.0791667
7 0.604688 0.654861 0.0296875 0.0263889
2 0.408203 0.520139 0.0226563 0.0208333
7 0.516797 0.690278 0.0460938 0.0583333
7 0.357422 0.725 0.132031 0.144444
7 0.805078 0.720833 0.389844 0.488889
7 0.185937 0.747222 0.275 0.247222
