7 0.934766 0.610417 0.0289063 0.0208333
7 0.842578 0.607639 0.0132813 0.0180556
7 0.443359 0.570833 0.0367187 0.0305556
7 0.267578 0.546528 0.0320312 0.0430556
7 0.247656 0.55 0.021875 0.0305556
7 0.207813 0.550694 0.0515625 0.0347222
7 0.395703 0.565278 0.0320312 0.0277778
7 0.335938 0.561111 0.0359375 0.0361111
7 0.295312 0.55625 0.028125 0.0347222
7 0.142969 0.543056 0.04375 0.0388889
7 0.0296875 0.534028 0.0546875 0.0486111
7 0.883203 0.6125 0.0226563 0.0222222
7 0.982422 0.615972 0.0226563 0.0236111
7 0.680859 0.594444 0.0398437 0.0333333
7 0.81875 0.613889 0.034375 0.0333333
7 0.0894531 0.528472 0.0507812 0.0486111
7 0.11875 0.5375 0.0484375 0.0361111
7 0.554297 0.607639 0.0554687 0.0791667
