7 0.484375 0.530556 0.0125 0.0222222
2 0.528516 0.478472 0.00859375 0.00694444
1 0.467578 0.454861 0.00546875 0.0152778
1 0.393359 0.45 0.00703125 0.0166667
1 0.373437 0.447917 0.0078125 0.0208333
7 0.307031 0.520833 0.0390625 0.0444444
1 0.425781 0.45 0.0078125 0.0194444
1 0.529688 0.498611 0.0078125 0.0138889
7 0.336328 0.525694 0.0195312 0.0347222
2 0.500391 0.463889 0.0210938 0.0111111
7 0.733203 0.527778 0.0320312 0.0333333
7 0.116797 0.536111 0.0679687 0.0333333
7 0.828906 0.524306 0.071875 0.0402778
7 0.497656 0.54375 0.0234375 0.0458333
7 0.065625 0.531944 0.0421875 0.0388889
7 0.522656 0.55 0.05 0.0638889
5 0.633594 0.481944 0.16875 0.238889
7 0.443359 0.559028 0.0851562 0.140278
