1 0.369141 0.316667 0.0117188 0.0222222
2 0.139844 0.334722 0.0171875 0.0111111
1 0.611719 0.130556 0.04375 0.0361111
2 0.427344 0.443056 0.00625 0.0138889
7 0.109375 0.470139 0.0203125 0.0236111
1 0.433984 0.151389 0.0179687 0.0333333
2 0.425391 0.403472 0.0148437 0.00972222
2 0.550391 0.411111 0.00859375 0.0222222
1 0.128516 0.406944 0.00703125 0.0166667
1 0.596484 0.36875 0.0117188 0.0263889
2 0.531641 0.413194 0.0179687 0.0180556
1 0.869922 0.311111 0.0195312 0.0388889
2 0.354297 0.4 0.0179687 0.0138889
1 0.849219 0.186806 0.01875 0.0763889
2 0.426172 0.421528 0.0148437 0.0263889
2 0.275 0.475 0.0171875 0.0277778
2 0.273828 0.445833 0.0164062 0.0277778
2 0.387109 0.340278 0.0195312 0.0194444
2 0.141406 0.392361 0.01875 0.0486111
2 0.842188 0.336806 0.04375 0.0291667
2 0.3875 0.374306 0.0171875 0.0486111
2 0.515234 0.138194 0.0429688 0.0513889
2 0.266016 0.228472 0.0539063 0.0319444
2 0.839844 0.283333 0.040625 0.0833333
2 0.26875 0.294444 0.0375 0.075
2 0.839844 0.0465278 0.0546875 0.0930556
