7 0.460938 0.45 0.015625 0.025
1 0.444922 0.395833 0.00703125 0.0166667
7 0.528906 0.472222 0.025 0.0527778
7 0.515234 0.461111 0.0226563 0.0361111
1 0.496484 0.4 0.00703125 0.0166667
7 0.543359 0.479861 0.0289063 0.0625
7 0.958984 0.757639 0.0820312 0.295833
2 0.512109 0.406944 0.0148437 0.0111111
7 0.333984 0.482639 0.0898438 0.159722
7 0.565234 0.484722 0.0398437 0.0833333
2 0.120312 0.168056 0.0328125 0.0444444
7 0.385938 0.467361 0.053125 0.0958333
7 0.435547 0.458333 0.0382813 0.0472222
7 0.589844 0.494444 0.0578125 0.1
7 0.264453 0.513194 0.125781 0.215278
7 0.121484 0.501389 0.241406 0.5
7 0.643359 0.511111 0.107031 0.133333
