7 0.418359 0.504167 0.0148437 0.025
7 0.264453 0.513889 0.0242187 0.025
7 0.245312 0.516667 0.01875 0.0222222
7 0.283594 0.5125 0.021875 0.0277778
2 0.503516 0.488889 0.00546875 0.0138889
2 0.483203 0.490278 0.00703125 0.0111111
2 0.435547 0.472222 0.00703125 0.0138889
2 0.525 0.367361 0.01875 0.0125
2 0.4 0.373611 0.01875 0.0138889
7 0.432422 0.509722 0.0195312 0.0333333
7 0.477344 0.505556 0.0140625 0.0194444
2 0.544141 0.475 0.0101562 0.0166667
2 0.477734 0.470139 0.0226563 0.00972222
2 0.448438 0.473611 0.01875 0.0138889
2 0.423047 0.473611 0.0195312 0.0166667
7 0.154687 0.529861 0.0515625 0.0430556
7 0.394922 0.520833 0.0492188 0.0611111
7 0.455469 0.509722 0.0328125 0.0527778
2 0.458203 0.402778 0.0210938 0.0527778
7 0.538281 0.511111 0.04375 0.0611111
2 0.417969 0.403472 0.0578125 0.0513889
2 0.501953 0.402083 0.0648438 0.0597222
7 0.325 0.532639 0.0921875 0.126389
7 0.723828 0.548611 0.200781 0.225
