7 0.435156 0.504167 0.015625 0.025
7 0.440234 0.503472 0.0148437 0.0236111
7 0.501953 0.496528 0.0117188 0.0152778
2 0.582812 0.43125 0.0125 0.00972222
2 0.337109 0.434722 0.0132813 0.0138889
1 0.334766 0.466667 0.00859375 0.0166667
7 0.514453 0.501389 0.0117188 0.0222222
7 0.524609 0.505556 0.0117188 0.0305556
1 0.411719 0.397917 0.0078125 0.0291667
7 0.429297 0.50625 0.0132813 0.0291667
7 0.445312 0.501389 0.0109375 0.0222222
2 0.560156 0.45625 0.009375 0.0152778
1 0.521094 0.404861 0.0078125 0.0208333
1 0.404687 0.397222 0.00625 0.0277778
2 0.383594 0.454167 0.0125 0.0111111
2 0.575781 0.449306 0.0125 0.00972222
7 0.421484 0.507639 0.0179687 0.0319444
2 0.34375 0.450694 0.0171875 0.0125
7 0.851172 0.629861 0.297656 0.440278
7 0.557031 0.509722 0.021875 0.0611111
7 0.377734 0.517361 0.0304688 0.0597222
7 0.410156 0.514583 0.025 0.0319444
2 0.376953 0.404167 0.0335938 0.0194444
7 0.535937 0.508333 0.0234375 0.0361111
7 0.576563 0.5125 0.0421875 0.0611111
7 0.340234 0.522917 0.0679687 0.0819444
7 0.279687 0.546528 0.090625 0.106944
2 0.604297 0.429167 0.0257812 0.0555556
7 0.138672 0.570833 0.197656 0.186111
7 0.595312 0.527083 0.0546875 0.0652778
7 0.675 0.531944 0.0921875 0.133333
