2 0.596094 0.420139 0.015625 0.0236111
7 0.438672 0.486111 0.0304688 0.0277778
7 0.291797 0.495833 0.0226563 0.0222222
1 0.416797 0.200694 0.0148437 0.0541667
2 0.788672 0.385417 0.0195312 0.0263889
1 0.508984 0.438889 0.00859375 0.0222222
7 0.222266 0.497222 0.0210938 0.0305556
1 0.566406 0.429861 0.009375 0.0208333
1 0.592188 0.396528 0.0171875 0.0263889
7 0.193359 0.506944 0.0273438 0.0277778
1 0.828906 0.164583 0.01875 0.0430556
7 0.244922 0.497917 0.0179687 0.0208333
1 0.364453 0.345139 0.0101562 0.0402778
2 0.786328 0.361111 0.0273438 0.0305556
7 0.975391 0.506944 0.0476562 0.0472222
2 0.783984 0.329861 0.0210938 0.0319444
2 0.406641 0.463194 0.0132813 0.0180556
2 0.314063 0.484028 0.0109375 0.0180556
2 0.592188 0.368056 0.015625 0.025
2 0.556641 0.481944 0.0179687 0.0305556
