7 0.435547 0.480556 0.0101562 0.0138889
2 0.505859 0.447917 0.0117188 0.00972222
2 0.25 0.471528 0.0140625 0.0236111
1 0.451953 0.425 0.0101562 0.0194444
1 0.511719 0.479861 0.0078125 0.0180556
1 0.337891 0.427778 0.00859375 0.025
1 0.288672 0.463889 0.0101562 0.0194444
7 0.424219 0.477083 0.009375 0.0152778
7 0.910547 0.504861 0.0742188 0.0597222
7 0.369531 0.509722 0.015625 0.025
2 0.325781 0.485417 0.0078125 0.0180556
7 0.471094 0.524306 0.04375 0.0652778
7 0.116016 0.597917 0.232031 0.401389
