7 0.534766 0.476389 0.00859375 0.0166667
1 0.539062 0.429861 0.0046875 0.0125
2 0.785547 0.385417 0.0304688 0.0152778
7 0.591016 0.502083 0.0304688 0.0458333
2 0.771875 0.411111 0.0125 0.0277778
2 0.553906 0.428472 0.0140625 0.00972222
7 0.516406 0.478472 0.0171875 0.0263889
2 0.582812 0.421528 0.009375 0.0180556
7 0.192578 0.486111 0.0570313 0.0527778
7 0.544531 0.482639 0.0171875 0.0263889
7 0.849609 0.704861 0.300781 0.590278
7 0.289844 0.481944 0.0328125 0.0416667
7 0.253516 0.490972 0.0679687 0.0541667
7 0.564453 0.488889 0.0304688 0.05
7 0.732031 0.522917 0.071875 0.0958333
5 0.664453 0.477083 0.0585938 0.126389
7 0.0625 0.509722 0.125 0.0972222
7 0.613672 0.527778 0.0710938 0.0861111
