2 0.258203 0.385417 0.0164062 0.0486111
7 0.367578 0.413194 0.0164062 0.0236111
1 0.566797 0.43125 0.0148437 0.0402778
7 0.358984 0.420833 0.0164062 0.0277778
1 0.0183594 0.272222 0.0226563 0.0666667
1 0.173828 0.295833 0.0242187 0.0611111
3 0.565234 0.661111 0.0257812 0.127778
7 0.0320312 0.536806 0.0640625 0.184722
1 0.659766 0.570833 0.0226563 0.0361111
7 0.349219 0.434722 0.021875 0.0333333
1 0.676953 0.501389 0.0179687 0.0694444
7 0.294531 0.4875 0.0734375 0.0861111
7 0.434766 0.483333 0.0335938 0.05
7 0.335547 0.450694 0.0335938 0.0430556
7 0.257422 0.539583 0.100781 0.151389
