7 0.235547 0.865278 0.0367187 0.0638889
7 0.514453 0.84375 0.0367187 0.0597222
7 0.468359 0.835417 0.0117188 0.0236111
7 0.401563 0.836111 0.015625 0.0277778
1 0.437109 0.776389 0.00859375 0.0194444
1 0.416016 0.810417 0.00546875 0.0125
7 0.326562 0.85 0.021875 0.0333333
1 0.385938 0.775 0.009375 0.0194444
7 0.526172 0.85 0.0335938 0.0611111
7 0.478906 0.8375 0.015625 0.0333333
7 0.380469 0.8375 0.021875 0.0305556
7 0.496094 0.836806 0.0265625 0.0513889
7 0.599609 0.867361 0.0523437 0.131944
7 0.559766 0.859028 0.0523437 0.0902778
7 0.425781 0.847917 0.04375 0.0652778
7 0.111328 0.891667 0.124219 0.105556
7 0.841406 0.861806 0.315625 0.273611
7 0.667188 0.882639 0.1375 0.206944
