7 0.426562 0.401389 0.0140625 0.0222222
1 0.5125 0.361806 0.0046875 0.0125
7 0.547266 0.404167 0.0117188 0.0277778
1 0.925781 0.234028 0.015625 0.0402778
7 0.460547 0.397222 0.0101562 0.0166667
7 0.501562 0.400694 0.0109375 0.0152778
7 0.451172 0.399306 0.0164062 0.0208333
2 0.677734 0.254861 0.00859375 0.0236111
7 0.415625 0.402778 0.0140625 0.025
1 0.688672 0.33125 0.0101562 0.0208333
2 0.538672 0.377083 0.00546875 0.0125
7 0.350391 0.417361 0.0164062 0.0347222
1 0.344922 0.366667 0.00703125 0.0166667
7 0.513672 0.395139 0.0117188 0.0180556
7 0.480469 0.394444 0.0109375 0.0138889
7 0.360156 0.413889 0.0203125 0.0333333
7 0.557031 0.404861 0.0171875 0.0375
7 0.404297 0.407639 0.0195312 0.0263889
1 0.683594 0.220833 0.009375 0.0416667
7 0.527344 0.395833 0.0125 0.0166667
8 0.566016 0.425 0.0210938 0.0777778
7 0.491406 0.39375 0.0109375 0.0180556
1 0.700391 0.327083 0.0132813 0.0263889
4 0.566797 0.448611 0.0195312 0.0583333
1 0.551953 0.183333 0.0132813 0.0583333
1 0.566016 0.185417 0.0101562 0.0486111
2 0.692969 0.271528 0.015625 0.0125
7 0.96875 0.583333 0.0625 0.291667
2 0.907031 0.186111 0.0546875 0.0361111
2 0.683984 0.297222 0.0226563 0.0166667
7 0.592969 0.413889 0.040625 0.0583333
0 0.246094 0.405556 0.19375 0.186111
