7 0.488672 0.623611 0.0132813 0.0194444
7 0.458203 0.623611 0.0101562 0.0166667
2 0.446875 0.604167 0.00625 0.0111111
7 0.435937 0.626389 0.021875 0.0361111
1 0.480469 0.584722 0.00625 0.0138889
1 0.455078 0.582639 0.00703125 0.0152778
2 0.501172 0.611111 0.00703125 0.0138889
2 0.558594 0.588889 0.0109375 0.0111111
7 0.529688 0.64375 0.0234375 0.0486111
7 0.401563 0.647222 0.0234375 0.0861111
7 0.423047 0.639583 0.0226563 0.0486111
2 0.557422 0.56875 0.0148437 0.0263889
5 0.330078 0.611111 0.133594 0.25
7 0.552344 0.65 0.046875 0.0583333
7 0.767187 0.709028 0.235938 0.254167
7 0.14375 0.725 0.2875 0.311111
