7 0.366016 0.527083 0.0164062 0.0180556
1 0.416406 0.507639 0.00625 0.0125
7 0.353516 0.53125 0.0164062 0.0208333
1 0.650391 0.464583 0.0195312 0.0263889
2 0.639453 0.432639 0.0210938 0.0180556
2 0.200391 0.455556 0.0195312 0.0194444
1 0.2625 0.35625 0.0125 0.0375
2 0.587891 0.455556 0.0179687 0.0138889
7 0.329688 0.54375 0.0359375 0.0458333
1 0.600781 0.48125 0.0125 0.0236111
1 0.499219 0.392361 0.0109375 0.0375
1 0.090625 0.475694 0.0109375 0.0236111
1 0.508594 0.392361 0.0078125 0.0347222
1 0.202344 0.490972 0.0125 0.0263889
7 0.321094 0.552778 0.0328125 0.0444444
7 0.932031 0.75625 0.135937 0.434722
3 0.0445312 0.563194 0.025 0.115278
7 0.812891 0.626389 0.374219 0.405556
2 0.537109 0.399306 0.0507812 0.0236111
7 0.252344 0.561111 0.115625 0.0722222
7 0.434766 0.729167 0.286719 0.405556
