1 0.580469 0.554861 0.00625 0.0125
7 0.695703 0.56875 0.0179687 0.0208333
7 0.526953 0.589583 0.0257812 0.0263889
7 0.670703 0.567361 0.0257812 0.0236111
1 0.569922 0.555556 0.00546875 0.0111111
1 0.720312 0.467361 0.009375 0.0319444
1 0.498047 0.472917 0.00859375 0.0208333
7 0.386719 0.595833 0.0203125 0.0361111
7 0.548047 0.579861 0.0132813 0.0180556
7 0.759375 0.575 0.040625 0.0388889
1 0.532422 0.472917 0.00859375 0.0236111
7 0.457031 0.593056 0.025 0.0333333
7 0.494922 0.590278 0.0242187 0.0361111
1 0.816016 0.524306 0.0117188 0.0208333
2 0.453906 0.535417 0.009375 0.0180556
7 0.411719 0.603472 0.0359375 0.0458333
7 0.0488281 0.632639 0.0554687 0.0597222
7 0.367188 0.606944 0.034375 0.0555556
7 0.567187 0.578472 0.0171875 0.0236111
2 0.317578 0.503472 0.0179687 0.0291667
2 0.928516 0.100694 0.127344 0.198611
7 0.225391 0.627778 0.0945313 0.102778
7 0.311328 0.63125 0.116406 0.1125
