1 0.398047 0.473611 0.00703125 0.0138889
3 0.252344 0.516667 0.0109375 0.0527778
1 0.550391 0.464583 0.00859375 0.0152778
1 0.385156 0.45 0.00625 0.0166667
1 0.142969 0.445139 0.009375 0.0208333
1 0.429297 0.453472 0.00703125 0.0180556
3 0.596484 0.524306 0.0117188 0.0652778
1 0.422266 0.472917 0.00703125 0.0152778
3 0.547266 0.520139 0.0101562 0.0486111
7 0.348828 0.514583 0.0148437 0.0319444
1 0.817969 0.434028 0.0234375 0.0375
3 0.579297 0.525694 0.0132813 0.0652778
7 0.341406 0.51875 0.015625 0.0375
7 0.00859375 0.547917 0.0171875 0.140278
3 0.611328 0.525 0.0117188 0.0611111
3 0.26875 0.51875 0.0140625 0.0625
1 0.301562 0.306944 0.0109375 0.0444444
2 0.155859 0.379167 0.0226563 0.0166667
3 0.240234 0.51875 0.0101562 0.0597222
1 0.530859 0.254861 0.0132813 0.0597222
7 0.329688 0.51875 0.0203125 0.0486111
3 0.219141 0.524306 0.0132813 0.0680556
2 0.546094 0.397917 0.01875 0.0152778
2 0.536328 0.379861 0.0210938 0.0180556
3 0.690625 0.538194 0.0171875 0.0736111
3 0.193359 0.520833 0.0179687 0.0722222
2 0.803906 0.250694 0.040625 0.0291667
7 0.301562 0.523611 0.05 0.0611111
2 0.5375 0.316667 0.0203125 0.0361111
2 0.923828 0.399306 0.0304688 0.0875
7 0.935156 0.634028 0.128125 0.2625
7 0.815625 0.613194 0.185937 0.176389
7 0.441406 0.681944 0.29375 0.388889
