2 0.632422 0.478472 0.0117188 0.00972222
2 0.695312 0.463194 0.009375 0.0152778
1 0.587109 0.460417 0.00859375 0.0208333
1 0.522266 0.4625 0.00703125 0.0194444
7 0.669141 0.552778 0.0289063 0.0638889
2 0.631641 0.453472 0.0117188 0.0152778
2 0.508594 0.465972 0.0109375 0.0208333
2 0.0859375 0.363889 0.025 0.0388889
7 0.0550781 0.647222 0.110156 0.266667
7 0.319531 0.568056 0.0546875 0.0861111
0 0.534766 0.516667 0.0445312 0.0888889
7 0.270703 0.577778 0.0960938 0.108333
7 0.171875 0.59375 0.15625 0.156944
0 0.422266 0.509028 0.163281 0.243056
7 0.603516 0.613194 0.157031 0.245833
