7 0.159766 0.528472 0.0476562 0.0486111
7 0.594922 0.54375 0.0148437 0.0236111
7 0.533203 0.520833 0.0164062 0.0194444
7 0.485938 0.526389 0.015625 0.0194444
7 0.575781 0.535417 0.0109375 0.0180556
7 0.566797 0.53125 0.0117188 0.0180556
7 0.426562 0.531944 0.0203125 0.025
7 0.448828 0.53125 0.0179687 0.0236111
7 0.611328 0.546528 0.0257812 0.0291667
7 0.36875 0.535417 0.028125 0.0430556
7 0.404687 0.526389 0.025 0.0388889
7 0.332031 0.536111 0.05 0.0694444
7 0.699609 0.584722 0.0648438 0.1
7 0.771094 0.604167 0.139062 0.152778
7 0.257031 0.534028 0.10625 0.1125
