7 0.528516 0.602083 0.0195312 0.0319444
7 0.550781 0.605556 0.0265625 0.0555556
7 0.225781 0.661111 0.0765625 0.111111
7 0.421484 0.604167 0.0257812 0.0361111
7 0.508984 0.602778 0.0195312 0.0305556
2 0.585156 0.533333 0.009375 0.0333333
7 0.401563 0.604861 0.03125 0.0402778
7 0.483984 0.611806 0.0242187 0.0263889
7 0.357812 0.616667 0.0359375 0.0555556
7 0.120312 0.660417 0.154687 0.165278
7 0.579687 0.609722 0.05 0.0888889
7 0.881641 0.747917 0.235156 0.356944
7 0.303906 0.619444 0.0765625 0.0944444
7 0.686719 0.625 0.182812 0.177778
