2 0.464063 0.473611 0.021875 0.0277778
2 0.447266 0.474306 0.0179687 0.0263889
7 0.507031 0.517361 0.0140625 0.0208333
7 0.51875 0.516667 0.0125 0.0166667
7 0.46875 0.513889 0.0140625 0.0222222
7 0.530859 0.520139 0.0148437 0.0180556
7 0.0699219 0.5125 0.0429688 0.0416667
7 0.487891 0.5125 0.0289063 0.0416667
7 0.196094 0.513889 0.0921875 0.0694444
2 0.54375 0.502083 0.0125 0.0152778
7 0.446094 0.511111 0.03125 0.0416667
2 0.508203 0.342361 0.0351562 0.0152778
7 0.392188 0.514583 0.0515625 0.0652778
2 0.440625 0.388889 0.0421875 0.0555556
7 0.305078 0.524306 0.135156 0.173611
2 0.495703 0.389583 0.0664062 0.0819444
