7 0.271094 0.495139 0.0265625 0.0402778
1 0.43125 0.450694 0.0078125 0.0152778
7 0.341016 0.492361 0.0226563 0.0513889
2 0.0972656 0.39375 0.0148437 0.0125
1 0.244141 0.413194 0.0101562 0.0208333
2 0.427344 0.420833 0.009375 0.0111111
2 0.163672 0.424306 0.0148437 0.0125
2 0.422266 0.436806 0.0132813 0.00972222
1 0.359375 0.4 0.009375 0.025
7 0.448047 0.497222 0.0320312 0.0611111
7 0.474609 0.502083 0.0476562 0.0763889
2 0.393359 0.404861 0.0132813 0.0208333
7 0.303906 0.497222 0.046875 0.0666667
7 0.117188 0.497917 0.046875 0.0680556
7 0.427734 0.496528 0.0320312 0.0541667
7 0.551562 0.51875 0.090625 0.106944
7 0.0699219 0.503472 0.0742188 0.0847222
7 0.502734 0.509028 0.0492188 0.0847222
7 0.179688 0.503472 0.0484375 0.0625
7 0.371875 0.49375 0.053125 0.0791667
7 0.230859 0.493056 0.0601562 0.0972222
7 0.636328 0.53125 0.133594 0.134722
7 0.845703 0.55 0.308594 0.272222
