7 0.374609 0.476389 0.0382813 0.025
7 0.180469 0.48125 0.025 0.0347222
7 0.832031 0.415278 0.01875 0.0194444
7 0.146875 0.484722 0.0421875 0.0416667
2 0.785547 0.326389 0.0132813 0.0277778
7 0.715625 0.445139 0.0203125 0.0263889
7 0.580078 0.476389 0.0398437 0.0527778
2 0.865234 0.33125 0.0273438 0.0569444
2 0.784766 0.285417 0.0289063 0.0541667
2 0.860937 0.185417 0.0828125 0.118056
2 0.673828 0.357639 0.0585938 0.0569444
7 0.0820312 0.553472 0.164062 0.331944
7 0.523047 0.4875 0.0695312 0.0972222
