7 0.453516 0.406944 0.0132813 0.025
7 0.510547 0.411111 0.0164062 0.0361111
7 0.528125 0.419444 0.025 0.0472222
5 0.481641 0.39375 0.0414063 0.0958333
7 0.426562 0.420139 0.0234375 0.0430556
7 0.440625 0.4125 0.015625 0.0333333
7 0.519922 0.415278 0.0179687 0.0416667
0 0.481641 0.394444 0.0414063 0.0944444
7 0.413672 0.429861 0.0210938 0.0541667
2 0.730078 0.286111 0.0132813 0.0138889
7 0.0136719 0.502083 0.0273438 0.0930556
2 0.734766 0.267361 0.0210938 0.0208333
2 0.114453 0.282639 0.0351562 0.0208333
2 0.741016 0.219444 0.0179687 0.0194444
7 0.373047 0.443056 0.0695312 0.0944444
7 0.556641 0.429167 0.0554687 0.0833333
7 0.800391 0.419444 0.0726563 0.0833333
7 0.866797 0.583333 0.266406 0.455556
