7 0.16875 0.313194 0.0375 0.0291667
2 0.373047 0.303472 0.00703125 0.0125
2 0.378906 0.31875 0.00625 0.0152778
1 0.370313 0.25 0.00625 0.0138889
7 0.345703 0.324306 0.0226563 0.0291667
2 0.288672 0.271528 0.00859375 0.0152778
7 0.26875 0.308333 0.0203125 0.0222222
2 0.496875 0.258333 0.0109375 0.0111111
2 0.496484 0.275 0.00859375 0.0138889
7 0.466016 0.352778 0.0273438 0.0583333
2 0.379297 0.285417 0.0101562 0.0125
2 0.48125 0.265972 0.0078125 0.0180556
7 0.219531 0.311111 0.025 0.025
2 0.534375 0.276389 0.0109375 0.0166667
7 0.328125 0.333333 0.0234375 0.0333333
7 0.957031 0.5 0.0859375 0.258333
2 0.747656 0.211111 0.0203125 0.025
7 0.482422 0.361111 0.0320312 0.0722222
2 0.363672 0.263194 0.0179687 0.0236111
2 0.534766 0.249306 0.0195312 0.0347222
7 0.296875 0.333333 0.046875 0.0583333
7 0.707422 0.407639 0.0804688 0.129167
7 0.516797 0.365972 0.0679687 0.0986111
7 0.247656 0.354861 0.0828125 0.0847222
7 0.849609 0.443056 0.236719 0.194444
7 0.390234 0.422222 0.127344 0.183333
7 0.604297 0.405556 0.146094 0.197222
7 0.08125 0.376389 0.1625 0.205556
